1.1 北京市 北京市 12.3 -0.7 0.3 26.3 33.5 73 4.7 2.6 2.1 14 41.9 1971-2000
2.1 天津市 天津市 12.7 -0.6 0.4 26.6 33.9 76 4.8 2.4 2.2 13.9 40.5 1971-2000
3.1 河北省 承德 9.1 -4.1 -2.9 24.6 32.7 69 3.3 1 0.9 -20.6 43.3 1971-2000
3.2 河北省 唐山 11.5 -1.6 -0.7 25.8 32.9 77 2.9 2.2 2.3 -17.1 39.6 1971-2000
3.3 河北省 石家庄 13.4 0.1 1.5 26.9 35.1 71 2 1.8 1.7 -13.1 41.5 1971-2000
4.1 山西省 大同 7 -4.8 -3.5 22.1 30.9 63 3.3 2.8 2.5 -24.3 37.2 1971-2000
4.2 山西省 太原 10 -1.7 -0.7 23.5 31.5 72 2.6 2 1.8 -19 37.4 1971-2000
4.3 山西省 运城 14 0.9 2 27.6 35.8 63 2.8 2.4 3.1 -12.6 41.2 1971-2000
5.1 内蒙古自治区 海拉尔 -1 -12.7 -11 20 29 70 2.5 2.3 3 -38.1 36.6 1971-2000
5.2 内蒙古自治区 二连浩特 4 -9.3 -8.1 23.4 33.2 47 5.3 3.6 4 -31.9 41.1 1971-2000
5.3 内蒙古自治区 呼和浩特 6.7 -5.3 -4.1 22.6 30.6 60 4.2 1.5 1.8 -23.7 38.5 1971-2000
6.1 辽宁省 开原 7 -6.4 -4.9 23.9 31.1 79 3.8 2.7 2.7 -29.1 36.6 1971-2000
6.2 辽宁省 沈阳 8.4 -5.1 -3.6 24.7 31.5 77 3.6 2.6 2.6 -25 36.1 1971-2000
6.3 辽宁省 锦州 9.5 -3.4 -2.2 24.6 31.4 77 5.1 3.2 3.3 -19.1 41.8 1971-2000
6.4 辽宁省 鞍山 9.6 -3.8 -2.5 25.1 31.6 73 3.5 2.9 2.7 -21.4 36.5 1971-2000
6.5 辽宁省 大连 10.9 -0.7 0.3 24.2 29 81 7 5.2 4.1 -14.4 35.3 1971-2000
7.1 吉林省 吉林 4.8 -8.5 -7.1 22.9 30.4 78 4 2.6 2.6 -33.8 35.7 1971-1995
7.2 吉林省 长春 4.8 -8.5 -7.1 23.2 30.5 78 4 2.6 2.6 -27.8 35.7 1971-2000
7.3 吉林省 通化 5.6 -6.6 -5.3 22.4 29.9 79 3.6 1.3 1.6 -29.2 35.6 1971-2000
8.1 黑龙江省 齐齐哈尔 3.9 -9.5 -8.1 23.3 31.1 72 3.1 2.6 3 -30.6 40.1 1971-2000
8.2 黑龙江省 哈尔滨 4.2 -9.1 -7.8 23.1 30.7 76 3.7 3.2 3.2 -32.2 36.7 1971-2000
8.3 黑龙江省 牡丹江 4.3 -8.6 -7.3 22.5 31 74 2.3 2.2 2.1 -29.8 38.4 1971-2000
9.1 上海市 上海市 16.1 -4.1 5.2 28.3 34.4 80 3 2.6 3.1 -5.6 39.4 1971-1998
10.1 江苏省 连云港 13.6 1.4 2.6 26.6 32.7 83 2.9 2.6 2.9 -10.6 38.7 1971-2000
10.2 江苏省 南通 15.3 3.6 4.7 27.6 33.5 83 3.5 3 3 -6.1 38.5 1971-2000
10.3 江苏省 南京 15.5 3.2 4.2 28.1 34.8 80 3.5 2.4 2.6 -8.5 39.7 1971-2000
11.1 浙江省 杭州 16.5 4.2 5.4 28.6 35.6 77 3.3 2.3 2.4 -5.2 39.9 1971-2000
11.2 浙江省 衡州 17.3 4.8 6.2 29 35.8 75 3.9 2.5 2.3 -4.7 40 1971-2000
11.3 浙江省 温州 18.1 99999 7.5 28.3 33.8 82 2.9 1.8 2 -1.9 39.6 1971-2000
12.1 安徽省 合肥 15.8 3.4 4.3 28.4 35 78 3 2.7 2.9 -7.7 39.1 1971-2000
12.2 安徽省 芜湖 16 3.4 4.5 28.7 35.3 78 2.8 2.2 2.3 -6.8 39.5 1971-1985
13.1 福建省 福州 19.8 99999 99999 29 35.9 76 3.1 2.4 3 1.5 39.9 1971-2000
13.2 福建省 厦门 20.6 99999 99999 28.2 33.5 81 4 3.3 3.1 4 38.5 1971-2000
14.1 江西省 九江 17 4.6 5.5 29.7 35.8 73 4.1 2.7 2.3 -4 40.3 1971-1991
14.2 江西省 南昌 17.6 4.7 6.2 29.5 35.5 75 3.6 2.6 2.2 -3.8 40.1 1971-2000
14.3 江西省 赣州 19.4 99999 7.7 29.5 35.4 70 2.4 1.6 1.8 -1.5 40 1971-2000
15.1 山东省 烟台 12.7 0.7 0.9 25.1 31.1 79 5.9 4.4 3.1 -10 38 1971-1991
15.2 山东省 济南 14.7 1.4 2.1 27.7 34.7 66 3.7 2.9 2.8 -11.2 40.5 1971-2000
15.3 山东省 青岛 12.7 1.3 2.6 25.4 29.4 82 6.6 5.4 4.6 -9.5 37.4 1971-2000
16.1 河南省 新乡 14.2 1.5 2.6 27 34.4 78 3.6 2.1 1.9 -10.5 42 1971-2000
16.2 河南省 郑州 14.3 1.7 3 27.1 34.9 73 4.9 2.7 2.2 -11 42.3 1971-2000
16.3 河南省 南阳 14.9 2.6 3.8 27.1 34.3 79 3.4 2.1 2 -9.3 41.4 1971-2000
17.1 湖北省 宜昌 16.8 4.7 5.9 28 35.6 77 2.2 1.3 1.5 -3 40.4 1971-2000
17.2 湖北省 武汉 16.6 3.9 5.2 28.9 35.2 77 3 1.8 2 -6.9 39.3 1971-2000
17.3 湖北省 黄石 17.1 4.5 5.7 29.3 35.8 76 3.1 2 2.2 -4.2 40.2 1971-2000
18.1 湖南省 岳阳 17.2 4.5 5.9 29.1 34.1 75 3.3 2.6 2.8 -3.7 39.3 1971-2000
18.2 湖南省 长沙 17 4.3 5.5 28.8 35.8 76 3 2.3 2.6 -3.9 39 1972-1986
18.3 湖南省 衡阳 18 99999 6.4 29.8 36 70 2.7 1.6 2.1 -2.4 40 1971-2000
19.1 广东省 韶关 20.4 99999 99999 29.2 35.4 74 2.9 1.5 1.6 -0.3 40.3 1971-2000
19.2 广东省 广州 22 99999 99999 28.8 34.2 80 2.7 1.7 1.7 2.8 38.1 1971-2000
20.1 海南省 海口 24.1 99999 99999 28.8 35.1 81 3.1 2.5 2.3 8.1 38.7 1971-2000
21.1 广西壮族自治区 桂林 18.9 99999 7.5 28.4 34.2 77 4.4 3.2 1.6 -0.8 38.5 1971-2000
21.2 广西壮族自治区 梧州 21.1 99999 99999 28.4 34.8 79 2.1 1.4 1.2 1 39.7 1971-2000
21.3 广西壮族自治区 北海 22.8 99999 99999 29 33.1 82 5 3.8 3 4.6 37.1 1971-2000
22.1 四川省 广元 16.1 4.9 6.1 26.1 33.3 74 2.8 1.3 1.2 -4 37.9 1971-2000
22.2 四川省 成都 16.1 99999 6.2 25.5 31.8 84 1.9 0.9 1.2 -2.5 36.7 1971-2000
22.3 四川省 西昌 16.9 99999 99999 22.9 30.7 69 2.5 1.7 1.2 -1.1 36.6 1971-2000
23.1 重庆市 重庆市 17.7 99999 7.2 29 35.5 71 1.6 1.1 1.5 0.7 40.8 1971-1986
24.1 贵州省 遵义 15.3 4.4 5.6 25.4 31.8 75 1.9 1 1.1 -3.3 37.4 1971-2000
24.2 贵州省 贵阳 15.3 4.6 6 24.2 30.1 74 2.5 2.1 2.1 -3.7 35.1 1971-2000
24.3 贵州省 兴仁 15.3 99999 6.7 22.2 28.7 81 2.3 2.2 1.8 -2.8 35.5 1971-2000
25.1 云南省 昆明 14.9 99999 7.7 20.2 26.2 77 3.7 2.2 1.8 -2.5 30.4 1971-2000
26.1 西藏 拉萨 8 0.61 2.17 16.4 24.1 54 2.3 2 1.8 -13.8 29.9 1971-2000
26.2 西藏 日喀则 6.5 -0.3 1 14.9 22.6 57 4.5 1.8 1.3 -18.3 28.5 1971-2000
27.1 陕西省 榆林 8.3 -3.9 -2.8 23.4 32.2 61 2.9 1.7 2.3 -24.2 38.6 1971-2000
27.2 陕西省 西安 13.7 1.5 2.6 26.8 35 67 2.5 1.4 1.9 -9.9 41.8 1971-2000
27.3 陕西省 汉中 14.4 3 4.3 25.6 32.3 79 2.4 0.9 1.1 -5.5 38.3 1971-2000
28.1 甘肃省 兰州 9.8 -1.9 -0.3 22.5 31.2 57 1.7 0.5 1.2 -15.4 39.8 1971-2000
28.2 甘肃省 天水 11 0.3 1.4 22.9 30.8 67 2.2 1 1.2 -12.4 38.2 1971-2000
29.1 青海省 西宁 6.1 -2.6 -1.4 17.4 26.5 64 3.2 1.3 1.5 -19.7 36.5 1971-2000
29.2 青海省 格尔木 5.3 -3.8 -2.4 18.1 26.9 34 2.3 2.2 3.3 -22 35.5 1971-2000
29.3 青海省 玉树 3.2 -2.7 -0.8 12.9 21.8 67 3.5 1.1 0.8 -22.8 28.5 1971-2000
30.1 宁夏回族自治区 银川 9 -3.2 -1.8 23.5 31.2 63 2.2 1.8 2.1 -20.7 38.7 1971-2000
30.2 宁夏回族自治区 固原 6.4 -3.1 -1.9 19 27.7 68 3.8 2.7 2.7 -22.9 34.6 1971-2000
31.1 新疆维吾尔自治区 克拉玛依 8.6 -8.6 -7 28.2 36.4 28 2.1 1.1 4.4 -27.1 42.7 1971-2000
31.2 新疆维吾尔自治区 乌鲁木齐 7 -7.1 -5.4 24.2 33.5 41 2 1.6 3 -25.3 42.1 1971-2000
31.3 新疆维吾尔自治区 吐鲁番 14.4 -3.4 -2 32.3 40.3 32 1.3 0.5 1.5 -16.7 47.7 1971-2000
31.4 新疆维吾尔自治区 哈密 10 -4.7 -3.2 26.5 35.8 40 2.1 1.5 1.8 -22.2 43.2 1971-2000
31.5 新疆维吾尔自治区 和田 12.5 -1.4 -0.3 25.8 34.5 40 1.8 1.4 2 -14.1 41.1 1971-2000
