1 硅酸钙制品 I 170 170 -99999 650 -99999 550 0.055 -99999 800 0.0479 0.00010185 0 0 0 9.65015E-11 0 0.5 0
2 硅酸钙制品 II 170 170 -99999 1000 -99999 900 0.055 -99999 800 0.0479 0.00010185 0 0 0 9.65015E-11 0 0.5 0
3 硅酸钙制品 I 220 220 -99999 650 -99999 550 0.062 -99999 500 0.0564 7.786E-05 0 7.86E-08 0 0 0 0.6 0
3 硅酸钙制品 I 220 220 -99999 650 -99999 550 0.062 500 800 0.0937 0 0 0 0 1.67E-10 0 0.6 0
4 硅酸钙制品 II 220 220 -99999 1000 -99999 900 0.062 -99999 500 0.0564 7.786E-05 0 7.86E-08 0 0 0 0.6 0
4 硅酸钙制品 II 220 220 -99999 1000 -99999 900 0.062 500 800 0.0937 0 0 0 0 1.67E-10 0 0.6 0
5 复合硅酸盐制品 涂料 180 200 -99999 600 -99999 500 0.065 -99999 99999 0.065 0.00017 -70 0 0 0 0 0 0
6 复合硅酸盐制品 毡 60 80 -99999 550 -99999 450 0.043 -99999 99999 0.043 0.00015 -70 0 0 0 0 0 0
7 复合硅酸盐制品 毡 81 130 -99999 600 -99999 500 0.044 -99999 99999 0.044 0.00015 -70 0 0 0 0 0 0
8 复合硅酸盐制品 管壳 80 180 -99999 600 -99999 500 0.048 -99999 99999 0.048 0 0 0 0 0 0 0.3 0
9 岩棉制品 毡 60 80 -99999 500 -99999 400 0.044 -20 100 0.0337 0.000151 0 0 0 0 0 0 0
9 岩棉制品 毡 60 80 -99999 500 -99999 400 0.044 100 600 0.0395 4.71E-05 0 5.03E-07 0 0 0 0 0
10 岩棉制品 缝毡 80 130 -99999 650 -99999 550 0.043 -20 100 0.0337 0.000128 0 0 0 0 0 0 0
10 岩棉制品 缝毡 80 130 -99999 650 -99999 550 0.043 100 600 0.0407 2.52E-05 0 3.34E-07 0 0 0 0 0
11 岩棉制品 板 60 100 -99999 500 -99999 400 0.044 -20 100 0.0337 0.000151 0 0 0 0 0 0 0
11 岩棉制品 板 60 100 -99999 500 -99999 400 0.044 100 600 0.0395 4.71E-05 0 5.03E-07 0 0 0 0 0
12 岩棉制品 板 101 160 -99999 550 -99999 450 0.043 -20 100 0.0337 0.000128 0 0 0 0 0 0 0
12 岩棉制品 板 101 160 -99999 550 -99999 450 0.043 100 600 0.0407 2.52E-05 0 3.34E-07 0 0 0 0 0
13 岩棉制品 管壳 100 150 -99999 450 -99999 350 0.044 -20 100 0.0314 0.000174 0 0 0 0 0 0 0
13 岩棉制品 管壳 100 150 -99999 450 -99999 350 0.044 100 600 0.0384 7.13E-05 0 3.51E-07 0 0 0 0 0
14 矿渣棉制品 毡 80 100 -99999 400 -99999 300 0.044 -20 100 0.0337 0.000151 0 0 0 0 0 0 0
14 矿渣棉制品 毡 80 100 -99999 400 -99999 300 0.044 100 400 0.0395 4.71E-05 0 3.34E-07 0 0 0 0 0
15 矿渣棉制品 毡 101 130 -99999 500 -99999 350 0.043 -20 100 0.0337 0.000128 0 0 0 0 0 0 0
15 矿渣棉制品 毡 101 130 -99999 500 -99999 350 0.043 100 400 0.0407 2.52E-05 0 3.34E-07 0 0 0 0 0
16 矿渣棉制品 板 80 100 -99999 400 -99999 300 0.044 -20 100 0.0337 0.000151 0 0 0 0 0 0 0
16 矿渣棉制品 板 80 100 -99999 400 -99999 300 0.044 100 400 0.0395 4.71E-05 0 5.03E-07 0 0 0 0 0
17 矿渣棉制品 板 101 130 -99999 450 -99999 350 0.043 -20 100 0.0337 0.000128 0 0 0 0 0 0 0
17 矿渣棉制品 板 101 130 -99999 450 -99999 350 0.043 100 500 0.0407 2.52E-05 0 3.34E-07 0 0 0 0 0
18 矿渣棉制品 管壳 100 99999 -99999 400 -99999 300 0.044 -20 100 0.0314 0.000174 0 0 0 0 0 0 0
18 矿渣棉制品 管壳 100 99999 -99999 400 -99999 300 0.044 100 500 0.0384 7.13E-05 0 3.51E-07 0 0 0 0 0
19 玻璃棉制品 毯 24 40 -99999 400 -99999 300 0.046 -20 220 0.046 0.00017 -70 0 0 0 0 0 0
20 玻璃棉制品 毯 41 120 -99999 450 -99999 350 0.041 -20 220 0.041 0.00017 -70 0 0 0 0 0 0
21 玻璃棉制品 板 24 24 -99999 400 -99999 300 0.047 -20 220 0.047 0.00017 -70 0 0 0 0 0 0
22 玻璃棉制品 板 32 32 -99999 400 -99999 300 0.044 -20 220 0.044 0.00017 -70 0 0 0 0 0 0
23 玻璃棉制品 板 40 40 -99999 450 -99999 350 0.042 -20 220 0.042 0.00017 -70 0 0 0 0 0 0
24 玻璃棉制品 板 48 48 -99999 450 -99999 350 0.041 -20 220 0.041 0.00017 -70 0 0 0 0 0 0
25 玻璃棉制品 板 64 64 -99999 450 -99999 350 0.04 -20 220 0.04 0.00017 -70 0 0 0 0 0 0
26 玻璃棉制品 毡 24 24 -99999 400 -99999 300 0.046 -20 220 0.046 0.00017 -70 0 0 0 0 0 0
27 玻璃棉制品 毡 32 32 -99999 400 -99999 300 0.046 -20 220 0.046 0.00017 -70 0 0 0 0 0 0
28 玻璃棉制品 毡 40 40 -99999 450 -99999 350 0.046 -20 220 0.046 0.00017 -70 0 0 0 0 0 0
29 玻璃棉制品 毡 48 48 -99999 450 -99999 350 0.041 -20 220 0.041 0.00017 -70 0 0 0 0 0 0
30 玻璃棉制品 管壳 48 99999 -99999 400 -99999 300 0.041 -20 220 0.041 0.00017 -70 0 0 0 0 0 0
31 硅酸铝棉及其制品 1#毯 96 96 -99999 1000 -99999 800 0.044 -99999 400 0.044 0.0002 -70 0 0 0 0 0 0
31 硅酸铝棉及其制品 1#毯 96 96 -99999 1000 -99999 800 0.044 400 99999 0.11 0.00036 -400 0 0 0 0 0 0
32 硅酸铝棉及其制品 1#毯 128 128 -99999 1000 -99999 800 0.044 -99999 400 0.044 0.0002 -70 0 0 0 0 0 0
32 硅酸铝棉及其制品 1#毯 128 128 -99999 1000 -99999 800 0.044 400 99999 0.11 0.00036 -400 0 0 0 0 0 0
33 硅酸铝棉及其制品 2#毯 96 96 -99999 1200 -99999 1000 0.044 -99999 400 0.044 0.0002 -70 0 0 0 0 0 0
33 硅酸铝棉及其制品 2#毯 96 96 -99999 1200 -99999 1000 0.044 400 99999 0.11 0.00036 -400 0 0 0 0 0 0
34 硅酸铝棉及其制品 2#毯 128 128 -99999 1200 -99999 1000 0.044 -99999 400 0.044 0.0002 -70 0 0 0 0 0 0
34 硅酸铝棉及其制品 2#毯 128 128 -99999 1200 -99999 1000 0.044 400 99999 0.11 0.00036 -400 0 0 0 0 0 0
35 硅酸铝棉及其制品 1#毡 0 200 -99999 1000 -99999 800 0.044 -99999 400 0.044 0.0002 -70 0 0 0 0 0 0
35 硅酸铝棉及其制品 1#毡 0 200 -99999 1000 -99999 800 0.044 400 99999 0.11 0.00036 -400 0 0 0 0 0 0
36 硅酸铝棉及其制品 2#毡 0 200 -99999 1200 -99999 1000 0.044 -99999 400 0.044 0.0002 -70 0 0 0 0 0 0
36 硅酸铝棉及其制品 2#毡 0 200 -99999 1200 -99999 1000 0.044 400 99999 0.11 0.00036 -400 0 0 0 0 0 0
37 硅酸铝棉及其制品 板 0 220 -99999 1100 -99999 1000 0.044 -99999 400 0.044 0.0002 -70 0 0 0 0 0 0
37 硅酸铝棉及其制品 板 0 220 -99999 1100 -99999 1000 0.044 400 99999 0.11 0.00036 -400 0 0 0 0 0 0
38 硅酸铝棉及其制品 管壳 0 220 -99999 1100 -99999 1000 0.044 -99999 400 0.044 0.0002 -70 0 0 0 0 0 0
38 硅酸铝棉及其制品 管壳 0 220 -99999 1100 -99999 1000 0.044 400 99999 0.11 0.00036 -400 0 0 0 0 0 0
39 硅酸铝棉及其制品 树脂结合毡 128 128 -99999 350 -99999 350 0.044 -99999 99999 0.044 0.0002 -70 0 0 0 0 0 0
40 硅酸镁纤维毡 - 90 110 -99999 900 -99999 700 0.04 70 500 0.0397 -2.74E-06 0 4.53E-07 0 0 0 0 0
41 硅酸镁纤维毡 - 120 140 -99999 900 -99999 700 0.04 70 500 0.0397 -2.74E-06 0 4.53E-07 0 0 0 0 0
42 柔性泡沫橡塑制品 - 40 60 -40 105 -35 85 0.036 -99999 99999 0.036 0.0001 0 0 0 0 0 0 0
43 硬质聚氨酯泡沫塑料（PUR）制品 - 45 55 -80 100 -65 80 0.023 -99999 99999 0.023 0.000122 -25 3.51E-07 -25 0 0 0.2 0
44 泡沫玻璃制品 I类 112 128 -196 450 -196 400 0.045 -99999 99999 0.045 0.00015 -25 3.21E-07 -25 0 0 0.8 0
45 泡沫玻璃制品 II类 152 168 -196 450 -196 400 0.064 -99999 99999 0.064 0.00015 -25 1.6E-07 -25 0 0 0.8 0
46 聚异氰脲酸酯（PIR） - 40 50 -196 120 -170 100 0.029 -99999 99999 0.029 0.000118 -25 3.29E-07 -25 0 0 0.22 0
47 高密度聚异氰脲酸酯（HDPIR） - 144 176 -196 120 -196 100 0.038 -99999 99999 0.038 0.000219 -25 4.3E-08 -25 0 0 1.6 2
48 高密度聚异氰脲酸酯（HDPIR） - 216 264 -196 120 -196 100 0.045 -99999 99999 0.045 0.000235 -25 1.41E-07 -25 0 0 2.5 3.5
49 高密度聚异氰脲酸酯（HDPIR） - 298 352 -196 120 -196 100 0.05 -99999 99999 0.05 0.000341 -25 8.1E-07 -25 0 0 5 7
50 高密度聚异氰脲酸酯（HDPIR） - 405 495 -196 120 -196 100 0.08 -99999 99999 0.08 0.000309 -25 1.51E-07 -25 0 0 10 7
51 高密度聚异氰脲酸酯（HDPIR） - 495 605 -196 120 -196 100 0.09 -99999 99999 0.09 0.000338 -25 5.21E-07 -25 0 0 15 20
