1 GB/T20801 ZT 铸铁 ZT 灰铸铁 - GB/T9439 HT200 - 0 99999 -10 200 0 230 20 20 0 20 0 20 0 20 0 0 0 0 0 0 0 0 0 0 0 0 0 0 0 0 0 0 0 0 0 0 0 0 0 0 0 0 0 -
2 GB/T20801 ZT 铸铁 ZT 灰铸铁 - GB/T9439 HT250 - 1 99999 -10 250 0 230 25 25 0 25 0 25 0 25 0 0 0 0 0 0 0 0 0 0 0 0 0 0 0 0 0 0 0 0 0 0 0 0 0 0 0 0 0 -
3 GB/T20801 ZT 铸铁 ZT 灰铸铁 - GB/T9439 HT300 - 2 99999 -10 300 0 230 30 30 0 30 0 30 0 30 0 0 0 0 0 0 0 0 0 0 0 0 0 0 0 0 0 0 0 0 0 0 0 0 0 0 0 0 0 -
4 GB/T20801 ZT 铸铁 ZT 灰铸铁 - GB/T9439 HT350 - 3 99999 -10 350 0 230 35 35 0 35 0 35 0 35 0 0 0 0 0 0 0 0 0 0 0 0 0 0 0 0 0 0 0 0 0 0 0 0 0 0 0 0 0 -
5 GB/T20801 ZT 铸铁 ZT 球墨铸铁 - GB/T1348 QT400-18 - 4 99999 0 400 250 350 133 0 0 124 0 118 0 113 0 106 0 100 95 91 0 0 0 0 0 0 0 0 0 0 0 0 0 0 0 0 0 0 0 0 0 0 0 -
6 GB/T20801 ZT 铸铁 ZT 球墨铸铁 - GB/T1348 QT400-18L - 5 99999 -20 400 250 350 133 0 0 124 0 118 0 113 0 106 0 100 95 91 0 0 0 0 0 0 0 0 0 0 0 0 0 0 0 0 0 0 0 0 0 0 0 -
7 GB/T20801 ZT 铸铁 ZT 可锻铸铁（黑芯） - GB/T9440 KTH300-06 - 6 99999 -20 300 0 300 60 60 0 60 0 60 0 60 0 60 0 60 0 0 0 0 0 0 0 0 0 0 0 0 0 0 0 0 0 0 0 0 0 0 0 0 0 -
8 GB/T20801 ZT 铸铁 ZT 可锻铸铁（黑芯） - GB/T9440 KTH350-10 - 7 99999 -20 350 200 300 70 70 0 70 0 70 0 70 0 70 0 70 0 0 0 0 0 0 0 0 0 0 0 0 0 0 0 0 0 0 0 0 0 0 0 0 0 -
9 GB/T20801 F 碳钢（包括碳锰钢） CS 无缝管 SMLS GB/T8163 10 - 8 16 B 335 205 593 112 112 0 112 0 112 0 112 0 112 0 108 105 97 84.3 73.3 64 55.8 43.9 31.7 21.4 14.2 9.4 0 0 0 0 0 0 0 0 0 0 0 0 0 6.89 -
10 GB/T20801 F 碳钢（包括碳锰钢） CS 无缝管 SMLS GB/T8163 10 - 16 30 B 335 195 593 112 112 0 112 0 110 0 106 0 102 0 96.9 94.1 91.2 84.3 73.3 64 55.8 43.9 31.7 21.4 14.2 9.4 0 0 0 0 0 0 0 0 0 0 0 0 0 6.89 -
11 GB/T20801 F 碳钢（包括碳锰钢） CS 无缝管 SMLS GB/T8163 10 - 30 99999 B 335 185 593 112 112 0 112 0 110 0 106 0 102 0 96.9 94.1 91.2 84.3 73.3 64 55.8 43.9 31.7 21.4 14.2 9.4 0 0 0 0 0 0 0 0 0 0 0 0 0 6.89 -
12 GB/T20801 F 碳钢（包括碳锰钢） CS 无缝管 SMLS GB/T9948 10 - 0 99999 B 330 205 593 112 112 0 112 0 112 0 112 0 112 0 108 105 97 84.3 73.3 64 55.8 43.9 31.7 21.4 14.2 9.4 0 0 0 0 0 0 0 0 0 0 0 0 0 6.89 -
13 GB/T20801 F 碳钢（包括碳锰钢） CS 无缝管 SMLS GB/T6497 10 - 0 16 B 335 205 593 112 112 0 112 0 112 0 112 0 112 0 108 105 97 84.3 73.3 64 55.8 43.9 31.7 21.4 14.2 9.4 0 0 0 0 0 0 0 0 0 0 0 0 0 6.89 -
14 GB/T20801 F 碳钢（包括碳锰钢） CS 无缝管 SMLS GB/T6497 10 - 16 40 B 335 195 593 112 112 0 112 0 110 0 106 0 102 0 96.9 94.1 91.2 84.3 73.3 64 55.8 43.9 31.7 21.4 14.2 9.4 0 0 0 0 0 0 0 0 0 0 0 0 0 6.89 -
15 GB/T20801 F 碳钢（包括碳锰钢） CS 无缝管 SMLS GB/T6497 10 - 40 99999 B 335 185 593 112 112 0 112 0 110 0 106 0 102 0 96.9 94.1 91.2 84.3 73.3 64 55.8 43.9 31.7 21.4 14.2 9.4 0 0 0 0 0 0 0 0 0 0 0 0 0 6.89 -
16 GB/T20801 F 碳钢（包括碳锰钢） CS 无缝管 SMLS GB/T3087 10 - 0 16 B 335 205 593 112 112 0 112 0 112 0 112 0 112 0 108 105 97 84.3 73.3 64 55.8 43.9 31.7 21.4 14.2 9.4 0 0 0 0 0 0 0 0 0 0 0 0 0 6.89 -
17 GB/T20801 F 碳钢（包括碳锰钢） CS 无缝管 SMLS GB/T3087 10 - 16 99999 B 335 195 593 112 112 0 112 0 110 0 106 0 102 0 96.9 94.1 91.2 84.3 73.3 64 55.8 43.9 31.7 21.4 14.2 9.4 0 0 0 0 0 0 0 0 0 0 0 0 0 6.89 -
18 GB/T20801 F 碳钢（包括碳锰钢） CS 无缝管 SMLS GB/T9711 L245/B(PSL1) - 0 99999 B 415 245 593 138 138 0 138 0 138 0 138 0 132 0 126 122 118 113 95.1 79.5 62.6 45 31.7 21.4 14.2 9.4 0 0 0 0 0 0 0 0 0 0 0 0 0 6.89 -
19 GB/T20801 F 碳钢（包括碳锰钢） CS 无缝管 SMLS GB/T9711 L245/B(PSL2) - 0 99999 -30 415 245 593 138 138 0 138 0 138 0 138 0 132 0 126 122 118 113 95.1 79.5 62.6 45 31.7 21.4 14.2 9.4 0 0 0 0 0 0 0 0 0 0 0 0 0 6.89 -
20 GB/T20801 F 碳钢（包括碳锰钢） CS 无缝管 SMLS GB/T8163 20 - 0 16 B 410 245 593 137 137 0 137 0 137 0 137 0 132 0 126 122 118 113 95.1 79.5 62.6 45 31.7 21.4 14.2 9.4 0 0 0 0 0 0 0 0 0 0 0 0 0 6.89 -
21 GB/T20801 F 碳钢（包括碳锰钢） CS 无缝管 SMLS GB/T8163 20 - 16 30 B 410 235 593 137 137 0 137 0 137 0 137 0 132 0 126 122 118 113 95.1 79.5 62.6 45 31.7 21.4 14.2 9.4 0 0 0 0 0 0 0 0 0 0 0 0 0 6.89 -
22 GB/T20801 F 碳钢（包括碳锰钢） CS 无缝管 SMLS GB/T8163 20 - 30 99999 B 410 225 593 137 137 0 134 0 130 0 126 0 121 0 115 111 108 105 95.1 79.5 62.6 45 31.7 21.4 14.2 9.4 0 0 0 0 0 0 0 0 0 0 0 0 0 6.89 -
23 GB/T20801 F 碳钢（包括碳锰钢） CS 无缝管 SMLS GB/T3087 20 - 0 16 B 410 245 593 137 137 0 137 0 137 0 137 0 132 0 126 122 118 113 95.1 79.5 62.6 45 31.7 21.4 14.2 9.4 0 0 0 0 0 0 0 0 0 0 0 0 0 6.89 -
24 GB/T20801 F 碳钢（包括碳锰钢） CS 无缝管 SMLS GB/T3087 20 - 16 99999 B 410 235 593 137 137 0 137 0 137 0 137 0 132 0 126 122 118 113 95.1 79.5 62.6 45 31.7 21.4 14.2 9.4 0 0 0 0 0 0 0 0 0 0 0 0 0 6.89 -
25 GB/T20801 F 碳钢（包括碳锰钢） CS 无缝管 SMLS GB/T5310 20G - 0 99999 B 410 245 593 137 137 0 137 0 137 0 137 0 132 0 126 122 118 113 95.1 79.5 62.6 45 31.7 21.4 14.2 9.4 0 0 0 0 0 0 0 0 0 0 0 0 0 6.89 -
26 GB/T20801 F 碳钢（包括碳锰钢） CS 无缝管 SMLS GB/T5310 20MnG - 0 99999 B 415 240 593 138 138 0 138 0 138 0 138 0 132 0 126 122 118 113 95.1 79.5 62.6 45 31.7 21.4 14.2 9.4 0 0 0 0 0 0 0 0 0 0 0 0 0 6.89 -
27 GB/T20801 F 碳钢（包括碳锰钢） CS 无缝管 SMLS YB/T4173 20G - 0 99999 B 410 245 593 137 137 0 137 0 137 0 137 0 132 0 126 122 118 113 95.1 79.5 62.6 45 31.7 21.4 14.2 9.4 0 0 0 0 0 0 0 0 0 0 0 0 0 6.89 -
28 GB/T20801 F 碳钢（包括碳锰钢） CS 无缝管 SMLS YB/T4173 20MnG - 0 99999 B 415 240 593 138 138 0 138 0 138 0 138 0 132 0 126 122 118 113 95.1 79.5 62.6 45 31.7 21.4 14.2 9.4 0 0 0 0 0 0 0 0 0 0 0 0 0 6.89 -
29 GB/T20801 F 碳钢（包括碳锰钢） CS 无缝管 SMLS GB/T6497 20 - 0 16 B 410 245 593 137 137 0 137 0 137 0 137 0 132 0 126 122 118 113 95.1 79.5 62.6 45 31.7 21.4 14.2 9.4 0 0 0 0 0 0 0 0 0 0 0 0 0 6.89 -
30 GB/T20801 F 碳钢（包括碳锰钢） CS 无缝管 SMLS GB/T6497 20 - 16 40 B 410 235 593 137 137 0 137 0 137 0 137 0 132 0 126 122 118 113 95.1 79.5 62.6 45 31.7 21.4 14.2 9.4 0 0 0 0 0 0 0 0 0 0 0 0 0 6.89 -
31 GB/T20801 F 碳钢（包括碳锰钢） CS 无缝管 SMLS GB/T6497 20 - 40 99999 B 410 225 593 137 137 0 134 0 130 0 126 0 121 0 115 111 108 105 95.1 79.5 62.6 45 31.7 21.4 14.2 9.4 0 0 0 0 0 0 0 0 0 0 0 0 0 6.89 -
32 GB/T20801 F 碳钢（包括碳锰钢） CS 无缝管 SMLS GB/T9948 20 - 0 99999 B 410 245 593 137 137 0 137 0 137 0 137 0 132 0 126 122 118 113 95.1 79.5 62.6 45 31.7 21.4 14.2 9.4 0 0 0 0 0 0 0 0 0 0 0 0 0 6.89 -
33 GB/T20801 F 碳钢（包括碳锰钢） CS 无缝管 SMLS GB/T8163 Q345A - 0 16 B 470 345 427 157 157 0 157 0 157 0 157 0 157 0 151 144 139 135 122 101 0 0 0 0 0 0 0 0 0 0 0 0 0 0 0 0 0 0 0 83.8 -
34 GB/T20801 F 碳钢（包括碳锰钢） CS 无缝管 SMLS GB/T8163 Q345A - 16 30 B 470 325 427 157 157 0 157 0 157 0 157 0 157 0 151 144 139 135 122 101 0 0 0 0 0 0 0 0 0 0 0 0 0 0 0 0 0 0 0 83.8 -
35 GB/T20801 F 碳钢（包括碳锰钢） CS 无缝管 SMLS GB/T8163 Q345A - 30 99999 B 470 295 427 157 157 0 157 0 157 0 157 0 157 0 151 144 139 135 122 101 0 0 0 0 0 0 0 0 0 0 0 0 0 0 0 0 0 0 0 83.8 -
36 GB/T20801 F 碳钢（包括碳锰钢） CS 无缝管 SMLS GB/T5310 25MnG - 0 99999 B 485 275 427 162 162 0 162 0 162 0 158 0 158 0 151 144 139 135 122 101 0 0 0 0 0 0 0 0 0 0 0 0 0 0 0 0 0 0 0 83.8 -
37 GB/T20801 F 碳钢（包括碳锰钢） CS 无缝管 SMLS YB/T4173 25MnG - 0 99999 B 485 275 427 162 162 0 162 0 162 0 158 0 151 0 144 139 135 122 101 83.8 0 0 0 0 0 0 0 0 0 0 0 0 0 0 0 0 0 0 0 82.7 -
38 GB/T20801 F 碳钢（包括碳锰钢） CS 无缝管 SMLS GB/T6497 Q345B - 0 16 B 490 345 427 163 163 0 163 0 163 0 158 0 151 0 144 139 135 122 101 83.8 0 0 0 0 0 0 0 0 0 0 0 0 0 0 0 0 0 0 0 82.7 -
39 GB/T20801 F 碳钢（包括碳锰钢） CS 无缝管 SMLS GB/T6497 Q345B - 16 40 B 490 335 427 163 163 0 163 0 163 0 158 0 151 0 144 139 135 122 101 83.8 0 0 0 0 0 0 0 0 0 0 0 0 0 0 0 0 0 0 0 82.7 -
40 GB/T20801 F 碳钢（包括碳锰钢） CS 无缝管 SMLS GB/T6497 Q345B - 40 99999 B 490 325 427 163 163 0 163 0 163 0 158 0 151 0 144 139 135 122 101 83.8 0 0 0 0 0 0 0 0 0 0 0 0 0 0 0 0 0 0 0 82.7 -
41 GB/T20801 F 碳钢（包括碳锰钢） CS 无缝管 SMLS GB/T6497 Q345D - 0 16 -20 490 345 427 163 163 0 163 0 163 0 158 0 151 0 144 139 135 122 101 83.8 0 0 0 0 0 0 0 0 0 0 0 0 0 0 0 0 0 0 0 82.7 -
42 GB/T20801 F 碳钢（包括碳锰钢） CS 无缝管 SMLS GB/T6497 Q345D - 16 40 -20 490 335 427 163 163 0 163 0 163 0 158 0 151 0 144 139 135 122 101 83.8 0 0 0 0 0 0 0 0 0 0 0 0 0 0 0 0 0 0 0 82.7 -
43 GB/T20801 F 碳钢（包括碳锰钢） CS 无缝管 SMLS GB/T6497 Q345D - 40 99999 -20 490 325 427 163 163 0 163 0 163 0 158 0 151 0 144 139 135 122 101 83.8 0 0 0 0 0 0 0 0 0 0 0 0 0 0 0 0 0 0 0 82.7 -
44 GB/T20801 F 碳钢（包括碳锰钢） CS 无缝管 SMLS GB/T9711 L290/X42(PSL2) - 0 99999 -30 415 290 204 138 138 0 138 0 138 0 138 0 0 0 0 0 0 0 0 0 0 0 0 0 0 0 0 0 0 0 0 0 0 0 0 0 0 0 0 0 -
45 GB/T20801 F 碳钢（包括碳锰钢） CS 无缝管 SMLS GB/T9711 L360/X52(PSL2) - 0 99999 -30 460 360 204 153 153 0 153 0 153 0 153 0 0 0 0 0 0 0 0 0 0 0 0 0 0 0 0 0 0 0 0 0 0 0 0 0 0 0 0 0 -
46 GB/T20801 F 碳钢（包括碳锰钢） CS 无缝管 SMLS GB/T9711 L415/X60(PSL2) - 0 99999 -30 520 415 204 173 173 0 173 0 173 0 173 0 0 0 0 0 0 0 0 0 0 0 0 0 0 0 0 0 0 0 0 0 0 0 0 0 0 0 0 0 -
47 GB/T20801 F 碳钢（包括碳锰钢） CS 无缝管 SMLS GB/T9711 L450/X65(PSL2) - 0 99999 -30 535 450 204 178 178 0 178 0 178 0 178 0 0 0 0 0 0 0 0 0 0 0 0 0 0 0 0 0 0 0 0 0 0 0 0 0 0 0 0 0 -
48 GB/T20801 F 碳钢（包括碳锰钢） CS 无缝管 SMLS GB/T9711 L485/X70(PSL2) - 0 99999 -30 570 485 204 190 190 0 190 0 190 0 190 0 0 0 0 0 0 0 0 0 0 0 0 0 0 0 0 0 0 0 0 0 0 0 0 0 0 0 0 0 -
49 GB/T20801 F 碳钢（包括碳锰钢） CS 无缝管 SMLS GB/T9711 L555/X80(PSL2) - 0 99999 -30 625 555 204 208 208 0 208 0 208 0 208 0 0 0 0 0 0 0 0 0 0 0 0 0 0 0 0 0 0 0 0 0 0 0 0 0 0 0 0 0 -
50 GB/T20801 F 碳钢（包括碳锰钢） CS 焊管 ERW GB/T3091 Q215A - 0 16 Ａ 335 215 350 112 112 0 112 0 112 0 112 0 112 0 108 105 97 0 0 0 0 0 0 0 0 0 0 0 0 0 0 0 0 0 0 0 0 0 0 0 -
51 GB/T20801 F 碳钢（包括碳锰钢） CS 焊管 ERW GB/T3091 Q215A - 16 99999 Ａ 335 205 350 112 112 0 112 0 112 0 112 0 112 0 108 105 97 0 0 0 0 0 0 0 0 0 0 0 0 0 0 0 0 0 0 0 0 0 0 0 -
52 GB/T20801 F 碳钢（包括碳锰钢） CS 焊管 ERW GB/T9711 L210/A(PSL1) - 0 99999 Ｂ 335 210 350 112 112 0 112 0 112 0 112 0 112 0 108 105 97 0 0 0 0 0 0 0 0 0 0 0 0 0 0 0 0 0 0 0 0 0 0 0 -
53 GB/T20801 F 碳钢（包括碳锰钢） CS 焊管 ERW GB/T3091 Q235A - 0 16 Ａ 370 235 350 123 123 0 123 0 123 0 123 0 123 0 118 115 97 0 0 0 0 0 0 0 0 0 0 0 0 0 0 0 0 0 0 0 0 0 0 0 -
54 GB/T20801 F 碳钢（包括碳锰钢） CS 焊管 ERW GB/T3091 Q235A - 16 99999 Ａ 370 225 350 123 123 0 123 0 123 0 123 0 123 0 118 115 97 0 0 0 0 0 0 0 0 0 0 0 0 0 0 0 0 0 0 0 0 0 0 0 -
55 GB/T20801 F 碳钢（包括碳锰钢） CS 焊管 ERW GB/T9711 L245/B(PSL1) - 0 99999 Ｂ 415 245 350 138 138 0 138 0 138 0 138 0 132 0 126 122 118 0 0 0 0 0 0 0 0 0 0 0 0 0 0 0 0 0 0 0 0 0 0 0 -
56 GB/T20801 F 碳钢（包括碳锰钢） CS 焊管 ERW GB/T9711 L290/X42(PSL2) - 0 99999 -30 415 290 204 138 138 0 138 0 138 0 138 0 0 0 0 0 0 0 0 0 0 0 0 0 0 0 0 0 0 0 0 0 0 0 0 0 0 0 0 0 -
57 GB/T20801 F 碳钢（包括碳锰钢） CS 焊管 ERW GB/T9711 L360/X52(PSL2) - 0 99999 -30 460 360 204 153 153 0 153 0 153 0 153 0 0 0 0 0 0 0 0 0 0 0 0 0 0 0 0 0 0 0 0 0 0 0 0 0 0 0 0 0 -
58 GB/T20801 F 碳钢（包括碳锰钢） CS 焊管 ERW GB/T9711 L415/X60(PSL2) - 0 99999 -30 520 415 204 173 173 0 173 0 173 0 173 0 0 0 0 0 0 0 0 0 0 0 0 0 0 0 0 0 0 0 0 0 0 0 0 0 0 0 0 0 -
59 GB/T20801 F 碳钢（包括碳锰钢） CS 焊管 ERW GB/T9711 L450/X65(PSL2) - 0 99999 -30 535 450 204 178 178 0 178 0 178 0 178 0 0 0 0 0 0 0 0 0 0 0 0 0 0 0 0 0 0 0 0 0 0 0 0 0 0 0 0 0 -
60 GB/T20801 F 碳钢（包括碳锰钢） CS 板焊管 EFW GB/T3091 Q215A - 0 16 Ａ 335 215 350 112 112 0 112 0 112 0 112 0 112 0 108 105 101 0 0 0 0 0 0 0 0 0 0 0 0 0 0 0 0 0 0 0 0 0 0 0 -
61 GB/T20801 F 碳钢（包括碳锰钢） CS 板焊管 EFW GB/T3091 Q215A - 16 99999 Ａ 335 205 350 112 112 0 112 0 112 0 112 0 112 0 108 105 101 0 0 0 0 0 0 0 0 0 0 0 0 0 0 0 0 0 0 0 0 0 0 0 -
62 GB/T20801 F 碳钢（包括碳锰钢） CS 板焊管 EFW GB/T3091 Q235A - 0 16 Ａ 370 235 350 123 123 0 123 0 123 0 123 0 123 0 118 115 111 0 0 0 0 0 0 0 0 0 0 0 0 0 0 0 0 0 0 0 0 0 0 0 -
63 GB/T20801 F 碳钢（包括碳锰钢） CS 板焊管 EFW GB/T3091 Q235A - 16 99999 Ａ 370 225 350 123 123 0 123 0 123 0 123 0 123 0 118 115 111 0 0 0 0 0 0 0 0 0 0 0 0 0 0 0 0 0 0 0 0 0 0 0 -
64 GB/T20801 F 碳钢（包括碳锰钢） CS 板焊管 EFW GB/T9711 L245/B(PSL1) - 0 99999 B 415 245 593 138 138 0 138 0 138 0 138 0 132 0 126 122 118 113 95.1 79.5 62.6 45 31.7 21.4 14.2 9.4 0 0 0 0 0 0 0 0 0 0 0 0 0 6.89 -
65 GB/T20801 F 碳钢（包括碳锰钢） CS 板焊管 EFW GB/T9711 L245/B(PSL2) - 0 99999 -30 415 245 593 138 138 0 138 0 138 0 138 0 132 0 126 122 118 113 95.1 79.5 62.6 45 31.7 21.4 14.2 9.4 0 0 0 0 0 0 0 0 0 0 0 0 0 6.89 -
66 GB/T20801 F 碳钢（包括碳锰钢） CS 板焊管 EFW GB/T9711 L290/X42(PSL2) - 0 99999 -30 415 290 204 138 138 0 138 0 138 0 138 0 0 0 0 0 0 0 0 0 0 0 0 0 0 0 0 0 0 0 0 0 0 0 0 0 0 0 0 0 -
67 GB/T20801 F 碳钢（包括碳锰钢） CS 板焊管 EFW GB/T9711 L360/X52(PSL2) - 0 99999 -30 460 360 204 153 153 0 153 0 153 0 153 0 0 0 0 0 0 0 0 0 0 0 0 0 0 0 0 0 0 0 0 0 0 0 0 0 0 0 0 0 -
68 GB/T20801 F 碳钢（包括碳锰钢） CS 板焊管 EFW GB/T9711 L415/X60(PSL2) - 0 99999 -30 520 415 204 173 173 0 173 0 173 0 173 0 0 0 0 0 0 0 0 0 0 0 0 0 0 0 0 0 0 0 0 0 0 0 0 0 0 0 0 0 -
69 GB/T20801 F 碳钢（包括碳锰钢） CS 板焊管 EFW GB/T9711 L450/X65(PSL2) - 0 99999 -30 535 450 204 178 178 0 178 0 178 0 178 0 0 0 0 0 0 0 0 0 0 0 0 0 0 0 0 0 0 0 0 0 0 0 0 0 0 0 0 0 -
70 GB/T20801 F 碳钢（包括碳锰钢） CS 板焊管 EFW GB/T9711 L485/X70(PSL2) - 0 99999 -30 570 485 204 190 190 0 190 0 190 0 190 0 0 0 0 0 0 0 0 0 0 0 0 0 0 0 0 0 0 0 0 0 0 0 0 0 0 0 0 0 -
71 GB/T20801 F 碳钢（包括碳锰钢） CS 板焊管 EFW GB/T9711 L555/X80(PSL2) - 0 99999 -30 625 555 204 208 208 0 208 0 208 0 208 0 0 0 0 0 0 0 0 0 0 0 0 0 0 0 0 0 0 0 0 0 0 0 0 0 0 0 0 0 -
72 GB/T20801 F 碳钢（包括碳锰钢） CS 板焊管 EFW ASTM-A671 CC60 - 0 99999 B-46 414 221 538 138 138 0 134 0 130 0 126 0 121 0 115 111 108 105 95.1 79.5 62.6 45 31.7 21.4 0 0 0 0 0 0 0 0 0 0 0 0 0 0 0 17.2 dk
73 GB/T20801 F 碳钢（包括碳锰钢） CS 板焊管 EFW ASTM-A671 CC70 - 0 99999 B-46 485 260 538 161 161 0 159 0 154 0 150 0 144 0 136 132 128 122 101 83.8 66.8 50.3 33.2 21.4 0 0 0 0 0 0 0 0 0 0 0 0 0 0 0 17.2 -
74 GB/T20801 F 碳钢（包括碳锰钢） CS 板焊管 SAW GB/T3091 Q215A - 0 16 Ａ 335 215 350 112 112 0 112 0 112 0 112 0 112 0 108 105 101 0 0 0 0 0 0 0 0 0 0 0 0 0 0 0 0 0 0 0 0 0 0 0 -
75 GB/T20801 F 碳钢（包括碳锰钢） CS 板焊管 SAW GB/T3091 Q215A - 16 99999 Ａ 335 205 350 112 112 0 112 0 112 0 112 0 112 0 108 105 101 0 0 0 0 0 0 0 0 0 0 0 0 0 0 0 0 0 0 0 0 0 0 0 -
76 GB/T20801 F 碳钢（包括碳锰钢） CS 板焊管 SAW GB/T3091 Q235A - 0 16 Ａ 370 235 350 123 123 0 123 0 123 0 123 0 123 0 118 115 111 0 0 0 0 0 0 0 0 0 0 0 0 0 0 0 0 0 0 0 0 0 0 0 -
77 GB/T20801 F 碳钢（包括碳锰钢） CS 板焊管 SAW GB/T3091 Q235A - 16 99999 Ａ 370 225 350 123 123 0 123 0 123 0 123 0 123 0 118 115 111 0 0 0 0 0 0 0 0 0 0 0 0 0 0 0 0 0 0 0 0 0 0 0 -
78 GB/T20801 F 碳钢（包括碳锰钢） CS 板焊管 SAW GB/T9711 L245/B(PSL1) - 0 99999 B 415 245 593 138 138 0 138 0 138 0 138 0 132 0 126 122 118 113 95.1 79.5 62.6 45 31.7 21.4 14.2 9.4 0 0 0 0 0 0 0 0 0 0 0 0 0 6.89 -
79 GB/T20801 F 碳钢（包括碳锰钢） CS 板焊管 SAW GB/T9711 L245/B(PSL2) - 0 99999 -30 415 245 593 138 138 0 138 0 138 0 138 0 132 0 126 122 118 113 95.1 79.5 62.6 45 31.7 21.4 14.2 9.4 0 0 0 0 0 0 0 0 0 0 0 0 0 6.89 -
80 GB/T20801 F 碳钢（包括碳锰钢） CS 板焊管 SAW GB/T9711 L290/X42(PSL2) - 0 99999 -30 415 290 204 138 138 0 138 0 138 0 138 0 0 0 0 0 0 0 0 0 0 0 0 0 0 0 0 0 0 0 0 0 0 0 0 0 0 0 0 0 -
81 GB/T20801 F 碳钢（包括碳锰钢） CS 板焊管 SAW GB/T9711 L360/X52(PSL2) - 0 99999 -30 460 360 204 153 153 0 153 0 153 0 153 0 0 0 0 0 0 0 0 0 0 0 0 0 0 0 0 0 0 0 0 0 0 0 0 0 0 0 0 0 -
82 GB/T20801 F 碳钢（包括碳锰钢） CS 板焊管 SAW GB/T9711 L415/X60(PSL2) - 0 99999 -30 520 415 204 173 173 0 173 0 173 0 173 0 0 0 0 0 0 0 0 0 0 0 0 0 0 0 0 0 0 0 0 0 0 0 0 0 0 0 0 0 -
83 GB/T20801 F 碳钢（包括碳锰钢） CS 板焊管 SAW GB/T9711 L450/X65(PSL2) - 0 99999 -30 535 450 204 178 178 0 178 0 178 0 178 0 0 0 0 0 0 0 0 0 0 0 0 0 0 0 0 0 0 0 0 0 0 0 0 0 0 0 0 0 -
84 GB/T20801 F 碳钢（包括碳锰钢） CS 板焊管 SAW GB/T9711 L485/X70(PSL2) - 0 99999 -30 570 485 204 190 190 0 190 0 190 0 190 0 0 0 0 0 0 0 0 0 0 0 0 0 0 0 0 0 0 0 0 0 0 0 0 0 0 0 0 0 -
85 GB/T20801 F 碳钢（包括碳锰钢） CS 板焊管 SAW GB/T9711 L555/X80(PSL2) - 0 99999 -30 625 555 204 208 208 0 208 0 208 0 208 0 0 0 0 0 0 0 0 0 0 0 0 0 0 0 0 0 0 0 0 0 0 0 0 0 0 0 0 0 -
86 GB/T20801 F 碳钢（包括碳锰钢） CS 板焊管 SAW ASTM-A671 CC60 - 0 99999 B-46 414 221 538 138 138 0 134 0 130 0 126 0 121 0 115 111 108 105 95.1 79.5 62.6 45 31.7 21.4 0 0 0 0 0 0 0 0 0 0 0 0 0 0 0 17.2 dk
87 GB/T20801 F 碳钢（包括碳锰钢） CS 板焊管 SAW ASTM-A671 CC70 - 0 99999 B-46 485 260 538 161 161 0 159 0 154 0 150 0 144 0 136 132 128 122 101 83.8 66.8 50.3 33.2 21.4 0 0 0 0 0 0 0 0 0 0 0 0 0 0 0 17.2 -
88 GB/T20801 F 低温钢 DG 低温无缝钢管 SMLS GB/T6479 Q345E - 0 16 -40 490 345 427 163 163 0 163 0 163 0 158 0 151 0 144 139 135 122 101 83.8 0 0 0 0 0 0 0 0 0 0 0 0 0 0 0 0 0 0 0 0 -
89 GB/T20801 F 低温钢 DG 低温无缝钢管 SMLS GB/T6479 Q345E - 16 40 -40 490 335 427 163 163 0 163 0 163 0 158 0 151 0 144 139 135 122 101 83.8 0 0 0 0 0 0 0 0 0 0 0 0 0 0 0 0 0 0 0 0 -
90 GB/T20801 F 低温钢 DG 低温无缝钢管 SMLS GB/T6479 Q345E - 40 99999 -40 490 325 427 163 163 0 163 0 163 0 158 0 151 0 144 139 135 122 101 83.8 0 0 0 0 0 0 0 0 0 0 0 0 0 0 0 0 0 0 0 0 -
91 GB/T20801 F 低温钢 DG 低温无缝钢管 SMLS GB/T18984 10MnDG - 0 99999 -46 400 240 450 133 133 0 133 0 133 0 133 0 132 0 126 122 118 113 95.1 79.5 62.6 0 0 0 0 0 0 0 0 0 0 0 0 0 0 0 0 0 0 0 -
92 GB/T20801 F 低温钢 DG 低温无缝钢管 SMLS GB/T18984 16MnDG - 0 16 -46 490 325 427 163 163 0 163 0 163 0 158 0 151 0 144 139 135 122 101 83.8 0 0 0 0 0 0 0 0 0 0 0 0 0 0 0 0 0 0 0 0 -
93 GB/T20801 F 低温钢 DG 低温无缝钢管 SMLS GB/T18984 16MnDG - 16 99999 -46 490 315 427 163 163 0 163 0 163 0 158 0 151 0 144 139 135 122 101 83.8 0 0 0 0 0 0 0 0 0 0 0 0 0 0 0 0 0 0 0 0 -
94 GB/T20801 F 低温钢 DG 低温无缝钢管 SMLS GB/T18984 06Ni3MoDG - 0 99999 -104 455 250 450 152 152 0 147 0 142 0 138 0 132 0 124 119 113 107 95.1 79.5 64.4 0 0 0 0 0 0 0 0 0 0 0 0 0 0 0 0 0 0 0 -
95 GB/T20801 F 低温钢 DG 低温无缝钢管 SMLS ASTM-A333 Gr.8 - 0 99999 -196 690 515 93 230 230 0 0 0 0 0 0 0 0 0 0 0 0 0 0 0 0 0 0 0 0 0 0 0 0 0 0 0 0 0 0 0 0 0 0 230 -
96 GB/T20801 F 合金钢 AL 合金钢无缝管 SMLS GB/T6479 15CrMo - 0 16 -30 440 295 649 147 147 0 147 0 147 0 147 0 145 0 141 139 138 136 134 132 129 126 92.1 61.1 40.4 26.4 17.4 11.6 0 0 0 0 0 0 0 0 0 0 0 7.58 o
97 GB/T20801 F 合金钢 AL 合金钢无缝管 SMLS GB/T6479 15CrMo - 16 40 -30 440 285 649 147 147 0 147 0 147 0 147 0 145 0 141 139 138 136 134 132 129 126 92.1 61.1 40.4 26.4 17.4 11.6 0 0 0 0 0 0 0 0 0 0 0 7.58 o
98 GB/T20801 F 合金钢 AL 合金钢无缝管 SMLS GB/T6479 15CrMo - 40 99999 -30 440 275 649 147 147 0 147 0 147 0 147 0 145 0 141 139 138 136 134 132 129 126 92.1 61.1 40.4 26.4 17.4 11.6 0 0 0 0 0 0 0 0 0 0 0 7.58 o
99 GB/T20801 F 合金钢 AL 合金钢无缝管 SMLS GB/T5310 15CrMoG - 0 99999 -30 440 295 649 147 147 0 147 0 147 0 147 0 145 0 141 139 138 136 134 132 129 126 92.1 61.1 40.4 26.4 17.4 11.6 0 0 0 0 0 0 0 0 0 0 0 7.58 o
100 GB/T20801 F 合金钢 AL 合金钢无缝管 SMLS GB/T9948 15CrMo - 0 99999 -30 440 295 649 147 147 0 147 0 147 0 147 0 145 0 141 139 138 136 134 132 129 126 92.1 61.1 40.4 26.4 17.4 11.6 0 0 0 0 0 0 0 0 0 0 0 7.58 o
101 GB/T20801 F 合金钢 AL 合金钢无缝管 SMLS YB/T4173 15CrMoG - 0 99999 -30 440 295 649 147 147 0 147 0 147 0 147 0 145 0 141 139 138 136 134 132 129 126 92.1 61.1 40.4 26.4 17.4 11.6 0 0 0 0 0 0 0 0 0 0 0 7.58 o
102 GB/T20801 F 合金钢 AL 合金钢无缝管 SMLS GB/T9948 12Cr1Mo - 0 99999 -30 415 205 649 138 131 0 126 0 121 0 116 0 113 0 109 107 106 104 102 99.6 97.2 94.5 73.7 52 36.3 25.2 17.6 12.3 0 0 0 0 0 0 0 0 0 0 0 8.27 o
103 GB/T20801 F 合金钢 AL 合金钢无缝管 SMLS YB/T4173 12Cr2MoG - 0 99999 -30 450 280 649 150 150 0 150 0 150 0 150 0 150 0 150 150 150 150 150 150 150 119 88.4 64 44.6 30 19.7 12.8 0 0 0 0 0 0 0 0 0 0 0 8.27 oq
104 GB/T20801 F 合金钢 AL 合金钢无缝管 SMLS GB/T5310 12Cr2MoG - 0 99999 -30 450 280 649 150 150 0 150 0 150 0 150 0 150 0 150 150 150 150 150 150 150 119 88.4 64 44.6 30 19.7 12.8 0 0 0 0 0 0 0 0 0 0 0 8.27 oq
105 GB/T20801 F 合金钢 AL 合金钢无缝管 SMLS GB/T9948 12Cr2Mo - 0 99999 -30 450 280 649 150 150 0 150 0 150 0 150 0 150 0 150 150 150 150 150 150 150 119 88.4 64 44.6 30 19.7 12.8 0 0 0 0 0 0 0 0 0 0 0 8.27 oq
106 GB/T20801 F 合金钢 AL 合金钢无缝管 SMLS GB/T6479 12Cr2Mo - 0 99999 -30 450 280 649 150 150 0 150 0 150 0 150 0 150 0 150 150 150 150 150 150 150 119 88.4 64 44.6 30 19.7 12.8 0 0 0 0 0 0 0 0 0 0 0 8.27 oq
107 GB/T20801 F 合金钢 AL 合金钢无缝管 SMLS GB/T5310 12Cr1MoVG - 0 99999 -20 470 255 580 157 157 0 157 0 157 0 157 0 156 0 151 147 143 139 135 131 128 124 118 83.5 65 49 0 0 0 0 0 0 0 0 0 0 0 0 0 46 o
108 GB/T20801 F 合金钢 AL 合金钢无缝管 SMLS YB/T4173 12Cr1MoVG - 0 99999 -20 470 255 580 157 157 0 157 0 157 0 157 0 156 0 151 147 143 139 135 131 128 124 118 83.5 65 49 0 0 0 0 0 0 0 0 0 0 0 0 0 46 o
109 GB/T20801 F 合金钢 AL 合金钢无缝管 SMLS GB/T9948 12Cr1MoV - 0 99999 -20 470 255 580 157 157 0 157 0 157 0 157 0 156 0 151 147 143 139 135 131 128 124 118 83.5 65 49 0 0 0 0 0 0 0 0 0 0 0 0 0 46 o
110 GB/T20801 F 合金钢 AL 合金钢无缝管 SMLS GB/T6479 10MoWVNb - 0 16 -20 470 295 500 157 157 0 157 0 157 0 156 0 153 0 147 144 141 138 135 130 126 121 97 0 0 0 0 0 0 0 0 0 0 0 0 0 0 0 0 0 o
111 GB/T20801 F 合金钢 AL 合金钢无缝管 SMLS GB/T6479 10MoWVNb - 16 40 -20 470 285 500 157 157 0 157 0 156 0 150 0 147 0 141 138 135 132 129 124 119 111 97 0 0 0 0 0 0 0 0 0 0 0 0 0 0 0 0 0 o
112 GB/T20801 F 合金钢 AL 合金钢无缝管 SMLS GB/T6479 10MoWVNb - 40 99999 -20 470 275 500 157 157 0 157 0 155 0 147 0 144 0 138 135 132 129 126 121 116 106 97 0 0 0 0 0 0 0 0 0 0 0 0 0 0 0 0 0 o
113 GB/T20801 F 合金钢 AL 合金钢无缝管 SMLS GB/T9948 12Cr5MoI - 0 99999 -30 415 205 649 138 129 0 124 0 120 0 119 0 118 0 117 116 114 112 110 106 103 80.6 61.7 46.4 34.7 25.5 17.8 11.4 0 0 0 0 0 0 0 0 0 0 0 6.89 o
114 GB/T20801 F 合金钢 AL 合金钢无缝管 SMLS GB/T9948 12Cr5MoNT - 0 99999 -30 480 280 649 160 160 0 160 0 156 0 155 0 154 0 153 151 149 146 142 137 131 80.6 61.7 46.4 34.7 25.5 17.8 11.4 0 0 0 0 0 0 0 0 0 0 0 6.89 o
115 GB/T20801 F 合金钢 AL 合金钢无缝管 SMLS GB/T9948 12Cr9MoI - 0 99999 -30 460 210 649 153 129 0 124 0 120 0 119 0 118 0 117 116 114 112 110 106 103 98.3 83.2 60.2 42.9 29.9 20.6 14.4 0 0 0 0 0 0 0 0 0 0 0 10.3 o
116 GB/T20801 F 合金钢 AL 合金钢无缝管 SMLS GB/T9948 12Cr9MoNT - 0 99999 -30 590 390 649 197 197 0 194 0 189 0 188 0 187 0 186 184 181 177 172 166 159 151 83.2 60.2 42.9 29.9 20.6 14.4 0 0 0 0 0 0 0 0 0 0 0 10.3 o
117 GB/T20801 F 合金钢 AL 合金钢无缝管 SMLS GB/T5310 10Cr9Mo1VNbN - 0 99999 -30 585 415 649 195 195 0 195 0 195 0 195 0 194 0 192 190 187 183 178 172 165 156 147 137 115 87 64.7 45.1 0 0 0 0 0 0 0 0 0 0 0 29.6 o
118 GB/T20801 F 合金钢 AL 合金钢无缝管 SMLS YB/T4173 10Cr9Mo1VNbN - 0 99999 -30 585 415 649 195 195 0 195 0 195 0 195 0 194 0 192 190 187 183 178 172 165 156 147 137 115 87 64.7 45.1 0 0 0 0 0 0 0 0 0 0 0 29.6 o
119 GB/T20801 A 不锈钢 SS 不锈钢无缝管 SMLS GB/T14976 06Cr18Ni11Ti(321) - 0 99999 -255 520 205 816 138 138 0 138 0 138 0 138 0 135 0 128 125 123 120 119 117 116 114 113 112 88.7 59.2 44 32.9 24.5 18.3 12.5 8.49 6.19 4.28 2.75 0 0 0 0 2.07 sv
120 GB/T20801 A 不锈钢 SS 不锈钢无缝管 SMLS GB/T14976 07Cr19Ni11Ti(321H) - 0 99999 -200 520 205 816 138 138 0 138 0 138 0 138 0 135 0 128 125 123 120 119 117 116 114 113 112 100 76.5 58.7 46 36.8 28.7 23 18.4 14.5 11.5 9.02 0 0 0 0 7.58 v
121 GB/T20801 A 不锈钢 SS 不锈钢无缝管 SMLS GB/T5310 07Cr19Ni11Ti(321H) - 0 99999 -200 520 205 816 138 138 0 138 0 138 0 138 0 135 0 128 125 123 120 119 117 116 114 113 112 100 76.5 58.7 46 36.8 28.7 23 18.4 14.5 11.5 9.02 0 0 0 0 7.58 v
122 GB/T20801 A 不锈钢 SS 不锈钢无缝管 SMLS GB/T9948 07Cr19Ni11Ti(321H) - 0 99999 -200 520 205 816 138 138 0 138 0 138 0 138 0 135 0 128 125 123 120 119 117 116 114 113 112 100 76.5 58.7 46 36.8 28.7 23 18.4 14.5 11.5 9.02 0 0 0 0 7.58 v
123 GB/T20801 A 不锈钢 SS 不锈钢无缝管 SMLS GB/T14976 06Cr18Ni11Nb(347) - 0 99999 -255 520 205 816 138 138 0 138 0 138 0 138 0 138 0 135 132 130 128 127 126 126 125 125 125 97.6 75.9 57.2 40.2 30.3 23.2 16.2 11.4 8.97 7.08 5.89 0 0 0 0 5.52 tvx
124 GB/T20801 A 不锈钢 SS 不锈钢无缝管 SMLS GB/T14976 07Cr18Ni11Nb(347H) - 0 99999 -200 520 205 816 138 138 0 138 0 138 0 138 0 138 0 135 132 130 129 127 126 126 125 125 125 125 112 90.6 69.6 53.8 41.4 31.8 24 18.8 14.6 10.9 0 0 0 0 8.96 v
125 GB/T20801 A 不锈钢 SS 不锈钢无缝管 SMLS GB/T5310 07Cr18Ni11Nb(347H) - 0 99999 -200 520 205 816 138 138 0 138 0 138 0 138 0 138 0 135 132 130 129 127 126 126 125 125 125 125 112 90.6 69.6 53.8 41.4 31.8 24 18.8 14.6 10.9 0 0 0 0 8.96 v
126 GB/T20801 A 不锈钢 SS 不锈钢无缝管 SMLS GB/T9948 07Cr18Ni11Nb(347H) - 0 99999 -200 520 205 816 138 138 0 138 0 138 0 138 0 138 0 135 132 130 129 127 126 126 125 125 125 125 112 90.6 69.6 53.8 41.4 31.8 24 18.8 14.6 10.9 0 0 0 0 8.96 v
127 GB/T20801 A 不锈钢 SS 不锈钢无缝管 SMLS GB/T14976 022Cr19Ni10(304L) - 0 99999 -255 480 175 816 115 115 0 115 0 115 0 110 0 103 0 97.7 95.7 94.1 92.6 91.3 90 88.7 87.3 85.6 83.7 81.4 40.4 33.2 26.7 21.9 18.2 15 12.4 8.87 7.2 6.58 0 0 0 0 6.21 w
128 GB/T20801 A 不锈钢 SS 不锈钢无缝管 SMLS GB/T14976 06Cr19Ni10(304) - 0 99999 -255 520 205 816 138 138 0 138 0 138 0 129 0 122 0 116 113 111 109 107 105 103 101 99.1 97.3 95.5 78.9 63.8 51.6 41.6 32.9 26.5 21.3 17.2 14.1 11.2 0 0 0 0 9.65 vwx
129 GB/T20801 A 不锈钢 SS 不锈钢无缝管 SMLS GB/T14976 07Cr19Ni10(304H) - 0 99999 -200 520 205 816 138 138 0 138 0 138 0 129 0 122 0 116 113 111 109 107 105 103 101 99.1 97.3 95.5 78.9 63.8 51.6 41.6 32.9 26.5 21.3 17.2 14.1 11.2 0 0 0 0 9.65 v
130 GB/T20801 A 不锈钢 SS 不锈钢无缝管 SMLS GB/T5310 07Cr19Ni10(304H) - 0 99999 -200 520 205 816 138 138 0 138 0 138 0 129 0 122 0 116 113 111 109 107 105 103 101 99.1 97.3 95.5 78.9 63.8 51.6 41.6 32.9 26.5 21.3 17.2 14.1 11.2 0 0 0 0 9.65 v
131 GB/T20801 A 不锈钢 SS 不锈钢无缝管 SMLS GB/T9948 07Cr19Ni10(304H) - 0 99999 -200 520 205 816 138 138 0 138 0 138 0 129 0 122 0 116 113 111 109 107 105 103 101 99.1 97.3 95.5 78.9 63.8 51.6 41.6 32.9 26.5 21.3 17.2 14.1 11.2 0 0 0 0 9.65 v
132 GB/T20801 A 不锈钢 SS 不锈钢无缝管 SMLS GB/T14976 022Cr17Ni12Mo2(316L) - 0 99999 -255 480 175 816 115 115 0 115 0 115 0 109 0 103 0 98.1 96.1 94.3 92.6 90.9 89.3 87.6 85.9 84.2 82.5 80.8 79.3 77.9 58 43.6 33 25.3 18.8 14 10.4 7.99 0 0 0 0 6.89 w
133 GB/T20801 A 不锈钢 SS 不锈钢无缝管 SMLS GB/T9948 022Cr17Ni12Mo2(316L) - 0 99999 -255 480 175 816 115 115 0 115 0 115 0 109 0 103 0 98.1 96.1 94.3 92.6 90.9 89.3 87.6 85.9 84.2 82.5 80.8 79.3 77.9 58 43.6 33 25.3 18.8 14 10.4 7.99 0 0 0 0 6.89 w
134 GB/T20801 A 不锈钢 SS 不锈钢无缝管 SMLS GB/T14976 06Cr17Ni12Mo2(316) - 0 99999 -255 520 205 816 138 138 0 138 0 138 0 134 0 125 0 119 116 114 112 111 110 109 108 107 106 105 97.8 80.8 65 50.4 38.6 29.6 23 17.4 13.3 10.4 0 0 0 0 8.96 vwx
135 GB/T20801 A 不锈钢 SS 不锈钢无缝管 SMLS GB/T14976 07Cr17Ni12Mo2(316H) - 0 99999 -200 515 205 816 138 138 0 138 0 138 0 134 0 125 0 119 116 114 112 111 110 109 108 107 106 105 97.8 80.8 65 50.4 38.6 29.6 23 17.4 13.3 10.4 0 0 0 0 8.96 v
136 GB/T20801 A 不锈钢 SS 不锈钢无缝管 SMLS GB/T14976 06Cr23Ni13(309) - 0 99999 -200 520 205 816 138 138 0 138 0 138 0 138 0 135 0 131 129 127 125 124 122 121 119 117 108 83.7 64 48.5 36.3 27.3 21 15.9 12.5 9.87 7.65 5.97 0 0 0 0 5.17 vwxyz
137 GB/T20801 A 不锈钢 SS 不锈钢无缝管 SMLS GB/T14976 06Cr25Ni20(310) - 0 99999 -200 520 205 816 138 138 0 138 0 138 0 138 0 134 0 129 127 125 123 122 120 119 117 116 108 83.7 64 48.5 36.3 27.3 21 15.9 12.5 9.87 7.65 5.97 0 0 0 0 5.17 vwxyz
138 GB/T20801 A 不锈钢 SS 不锈钢无缝管 SMLS GB/T5310 08Cr18Ni11NbFG(347HFG) - 0 99999 -200 550 205 750 138 138 0 138 0 138 0 138 0 134 0 132 131 131 130 130 128 127 125 124 123 122 120 107 85.4 67 51.7 39.3 29.4 21.7 0 0 0 0 0 0 0 -
139 GB/T20801 A 不锈钢 SS 不锈钢无缝管 SMLS GB/T21833 022Cr22Ni5Mo3N(31803) - 0 99999 -50 620 450 316 207 207 0 207 0 199 0 193 0 188 0 186 185 0 0 0 0 0 0 0 0 0 0 0 0 0 0 0 0 0 0 0 0 0 0 0 185 u
140 GB/T20801 A 不锈钢 SS 不锈钢无缝管 SMLS GB/T21833 022Cr23Ni5Mo3N(2205) - 0 99999 -50 655 485 316 218 218 0 218 0 210 0 203 0 199 0 196 196 0 0 0 0 0 0 0 0 0 0 0 0 0 0 0 0 0 0 0 0 0 0 0 196 u
141 GB/T20801 A 不锈钢 SS 不锈钢无缝管 SMLS GB/T21833 022Cr25Ni7Mo4N(2507) - 0 99999 -50 800 550 316 267 265 0 264 0 251 0 243 0 238 0 237 236 0 0 0 0 0 0 0 0 0 0 0 0 0 0 0 0 0 0 0 0 0 0 0 236 u
142 GB/T20801 A 不锈钢 SS 不锈钢焊管(无填充金属) EFW-N GB/T12771 022Cr19Ni10(304L) - 0 99999 -255 480 180 816 115 115 0 115 0 115 0 110 0 103 0 97.7 95.7 94.1 92.6 91.3 90 88.7 87.3 85.6 83.7 81.4 40.4 33.2 26.7 21.9 18.2 15 12.4 8.87 7.2 6.58 0 0 0 0 6.21 waa
143 GB/T20801 A 不锈钢 SS 不锈钢焊管(无填充金属) EFW-N HG/T20537.3 022Cr19Ni10(304L) - 0 99999 -255 480 180 816 115 115 0 115 0 115 0 110 0 103 0 97.7 95.7 94.1 92.6 91.3 90 88.7 87.3 85.6 83.7 81.4 40.4 33.2 26.7 21.9 18.2 15 12.4 8.87 7.2 6.58 0 0 0 0 6.21 waa
144 GB/T20801 A 不锈钢 SS 不锈钢焊管(无填充金属) EFW-N GB/T12771 06Cr19Ni10(304) - 0 99999 -255 520 205 816 138 138 0 138 0 138 0 129 0 122 0 116 113 111 109 107 105 103 101 99.1 97.3 95.5 78.9 63.8 51.6 41.6 32.9 26.5 21.3 17.2 14.1 11.2 0 0 0 0 9.65 vwxaa
145 GB/T20801 A 不锈钢 SS 不锈钢焊管(无填充金属) EFW-N HG/T20537.3 06Cr19Ni10(304) - 0 99999 -255 520 205 816 138 138 0 138 0 138 0 129 0 122 0 116 113 111 109 107 105 103 101 99.1 97.3 95.5 78.9 63.8 51.6 41.6 32.9 26.5 21.3 17.2 14.1 11.2 0 0 0 0 9.65 wxaa
146 GB/T20801 A 不锈钢 SS 不锈钢焊管(无填充金属) EFW-N GB/T12771 022Cr17Ni12Mo2(316L) - 0 99999 -255 480 175 816 115 115 0 115 0 115 0 109 0 103 0 98.1 96.1 94.3 92.6 90.9 89.3 87.6 85.9 84.2 82.5 80.8 79.3 77.9 58 43.6 33 25.3 18.8 14 10.4 7.99 0 0 0 0 6.89 waa
147 GB/T20801 A 不锈钢 SS 不锈钢焊管(无填充金属) EFW-N HG/T20537.3 022Cr17Ni12Mo2(316L) - 0 99999 -255 480 175 816 115 115 0 115 0 115 0 109 0 103 0 98.1 96.1 94.3 92.6 90.9 89.3 87.6 85.9 84.2 82.5 80.8 79.3 77.9 58 43.6 33 25.3 18.8 14 10.4 7.99 0 0 0 0 6.89 waa
148 GB/T20801 A 不锈钢 SS 不锈钢焊管(无填充金属) EFW-N GB/T12771 06Cr17Ni12Mo2(316) - 0 99999 -255 520 205 816 138 138 0 138 0 138 0 134 0 125 0 119 116 114 112 111 110 109 108 107 106 105 97.8 80.8 65 50.4 38.6 29.6 23 17.4 13.3 10.4 0 0 0 0 8.96 vwxaa
149 GB/T20801 A 不锈钢 SS 不锈钢焊管(无填充金属) EFW-N HG/T20537.3 06Cr17Ni12Mo2(316) - 0 99999 -255 520 205 816 138 138 0 138 0 138 0 134 0 125 0 119 116 114 112 111 110 109 108 107 106 105 97.8 80.8 65 50.4 38.6 29.6 23 17.4 13.3 10.4 0 0 0 0 8.96 vwxaa
150 GB/T20801 A 不锈钢 SS 不锈钢焊管(无填充金属) EFW-N GB/T12771 06Cr18Ni11Ti(321) - 0 99999 -255 520 205 816 138 138 0 138 0 138 0 138 0 135 0 128 125 123 120 119 117 116 114 113 112 88.7 59.2 44 32.9 24.5 18.3 12.5 8.49 6.19 4.28 2.75 0 0 0 0 2.07 svxaa
151 GB/T20801 A 不锈钢 SS 不锈钢焊管(无填充金属) EFW-N HG/T20537.3 06Cr18Ni11Ti(321) - 0 99999 -255 520 205 816 138 138 0 138 0 138 0 138 0 135 0 128 125 123 120 119 117 116 114 113 112 88.7 59.2 44 32.9 24.5 18.3 12.5 8.49 6.19 4.28 2.75 0 0 0 0 2.07 svxaa
152 GB/T20801 A 不锈钢 SS 不锈钢焊管(无填充金属) EFW-N GB/T12771 06Cr18Ni11Nb(347) - 0 99999 -255 520 205 816 138 138 0 138 0 138 0 138 0 138 0 135 132 130 128 127 126 126 125 125 125 97.6 75.9 57.2 40.2 30.3 23.2 16.2 11.4 8.97 7.08 5.89 0 0 0 0 5.52 tvxaa
153 GB/T20801 A 不锈钢 SS 不锈钢焊管(无填充金属) EFW-N HG/T20537.3 06Cr18Ni11Nb(347) - 0 99999 -255 520 205 816 138 138 0 138 0 138 0 138 0 138 0 135 132 130 128 127 126 126 125 125 125 97.6 75.9 57.2 40.2 30.3 23.2 16.2 11.4 8.97 7.08 5.89 0 0 0 0 5.52 tvxaa
154 GB/T20801 A 不锈钢 SS 不锈钢焊管(无填充金属) EFW-N GB/T12771 06Cr25Ni20(310) - 0 99999 -200 520 205 816 138 138 0 138 0 138 0 138 0 134 0 129 127 125 123 122 120 119 117 116 108 83.7 64 48.5 36.3 27.3 21 15.9 12.5 9.87 7.65 5.97 0 0 0 0 5.17 vwxyzaa
155 GB/T20801 A 不锈钢 SS 不锈钢焊管(无填充金属) EFW-N HG/T20537.3 06Cr25Ni20(310) - 0 99999 -200 520 205 816 138 138 0 138 0 138 0 138 0 134 0 129 127 125 123 122 120 119 117 116 108 83.7 64 48.5 36.3 27.3 21 15.9 12.5 9.87 7.65 5.97 0 0 0 0 5.17 vwxyzaa
156 GB/T20801 A 不锈钢 SS 不锈钢焊管(无填充金属) EFW-N GB/T21832 022Cr22Ni5Mo3N(31803) - 0 99999 -50 620 450 316 207 207 0 207 0 199 0 193 0 188 0 186 0 0 0 0 0 0 0 0 0 0 0 0 0 0 0 0 0 0 0 0 0 0 0 0 185 ubb
157 GB/T20801 A 不锈钢 SS 不锈钢焊管(无填充金属) EFW-N GB/T21832 022Cr23Ni5Mo3N(2205) - 0 99999 -50 655 485 316 218 218 0 218 0 210 0 203 0 199 0 196 0 0 0 0 0 0 0 0 0 0 0 0 0 0 0 0 0 0 0 0 0 0 0 0 196 ubb
158 GB/T20801 A 不锈钢 SS 不锈钢焊管(无填充金属) EFW-N GB/T21832 022Cr25Ni7Mo4N(2507) - 0 99999 -50 800 550 316 267 265 0 264 0 251 0 243 0 238 0 237 0 0 0 0 0 0 0 0 0 0 0 0 0 0 0 0 0 0 0 0 0 0 0 0 236 ubb
159 GB/T20801 A 不锈钢 SS 不锈钢板焊管 EFW HG/T20537.4 022Cr19Ni10(304L) - 0 99999 -255 480 180 816 115 115 0 115 0 115 0 110 0 103 0 97.7 95.7 94.1 92.6 91.3 90 88.7 87.3 85.6 83.7 81.4 40.4 33.2 26.7 21.9 18.2 15 12.4 8.87 7.2 6.58 0 0 0 0 6.21 mw
160 GB/T20801 A 不锈钢 SS 不锈钢板焊管 EFW HG/T20537.4 06Cr19Ni10(304) - 0 99999 -255 520 205 816 138 138 0 138 0 138 0 129 0 122 0 116 113 111 109 107 105 103 101 99.1 97.3 95.5 78.9 63.8 51.6 41.6 32.9 26.5 21.3 17.2 14.1 11.2 0 0 0 0 9.65 mvwx
161 GB/T20801 A 不锈钢 SS 不锈钢板焊管 EFW HG/T20537.4 022Cr17Ni12Mo2(316L) - 0 99999 -255 480 175 816 115 115 0 115 0 115 0 109 0 103 0 98.1 96.1 94.3 92.6 90.9 89.3 87.6 85.9 84.2 82.5 80.8 79.3 77.9 58 43.6 33 25.3 18.8 14 10.4 7.99 0 0 0 0 6.89 mw
162 GB/T20801 A 不锈钢 SS 不锈钢板焊管 EFW HG/T20537.4 06Cr17Ni12Mo2(316) - 0 99999 -255 520 205 816 138 138 0 138 0 138 0 134 0 125 0 119 116 114 112 111 110 109 108 107 106 105 97.8 80.8 65 50.4 38.6 29.6 23 17.4 13.3 10.4 0 0 0 0 8.96 mvwx
163 GB/T20801 A 不锈钢 SS 不锈钢板焊管 EFW HG/T20537.4 06Cr18Ni11Ti(321) - 0 99999 -255 520 205 816 138 138 0 138 0 138 0 138 0 135 0 128 125 123 120 119 117 116 114 113 112 88.7 59.2 44 32.9 24.5 18.3 12.5 8.49 6.19 4.28 2.75 0 0 0 0 2.07 msvx
164 GB/T20801 A 不锈钢 SS 不锈钢板焊管 EFW HG/T20537.4 06Cr18Ni11Nb(347) - 0 99999 -255 520 205 816 138 138 0 138 0 138 0 138 0 138 0 135 132 130 128 127 126 126 125 125 125 97.6 75.9 57.2 40.2 30.3 23.2 16.2 11.4 8.97 7.08 5.89 0 0 0 0 5.52 mtvx
165 GB/T20801 A 不锈钢 SS 不锈钢板焊管 EFW HG/T20537.4 06Cr25Ni20(310) - 0 99999 -200 520 205 816 138 138 0 138 0 138 0 138 0 134 0 129 127 125 123 122 120 119 117 116 108 83.7 64 48.5 36.3 27.3 21 15.9 12.5 9.87 7.65 5.97 0 0 0 0 5.17 mvwxyz
166 GB/T20801 A 不锈钢 SS 不锈钢板焊管 EFW GB/T32964 022Cr19Ni10(304L) - 0 99999 -255 490 175 816 115 115 0 115 0 115 0 110 0 103 0 97.7 95.7 94.1 92.6 91.3 90 88.7 87.3 85.6 83.7 81.4 40.4 33.2 26.7 21.9 18.2 15 12.4 8.87 7.2 6.58 0 0 0 0 6.21 mrw
167 GB/T20801 A 不锈钢 SS 不锈钢板焊管 EFW GB/T32964 06Cr19Ni10(304) - 0 99999 -255 520 210 816 138 138 0 138 0 138 0 129 0 122 0 116 113 111 109 107 105 103 101 99.1 97.3 95.5 78.9 63.8 51.6 41.6 32.9 26.5 21.3 17.2 14.1 11.2 0 0 0 0 9.65 mrvwx
168 GB/T20801 A 不锈钢 SS 不锈钢板焊管 EFW GB/T32964 022Cr17Ni12Mo2(316L) - 0 99999 -255 490 175 816 115 115 0 115 0 115 0 109 0 103 0 98.1 96.1 94.3 92.6 90.9 89.3 87.6 85.9 84.2 82.5 80.8 79.3 77.9 58 43.6 33 25.3 18.8 14 10.4 7.99 0 0 0 0 6.89 mrw
169 GB/T20801 A 不锈钢 SS 不锈钢板焊管 EFW GB/T32964 06Cr17Ni12Mo2(316) - 0 99999 -255 520 210 816 138 138 0 138 0 138 0 134 0 125 0 119 116 114 112 111 110 109 108 107 106 105 97.8 80.8 65 50.43 8.6 29.6 23 17.4 13.3 10.4 0 0 0 0 8.96 mrvwx
170 GB/T20801 A 不锈钢 SS 不锈钢板焊管 EFW GB/T32964 06Cr18Ni11Ti(321) - 0 99999 -255 520 210 816 138 138 0 138 0 138 0 138 0 135 0 128 125 123 120 119 117 116 114 113 112 88.7 59.2 44 32.9 24.5 18.3 12.5 8.49 6.19 4.28 2.75 0 0 0 0 2.07 mrsvx
171 GB/T20801 A 不锈钢 SS 不锈钢板焊管 EFW GB/T32964 06Cr18Ni11Nb(347) - 0 99999 -255 520 210 816 138 138 0 138 0 138 0 138 0 138 0 135 132 130 128 127 126 126 125 125 125 97.6 75.9 57.2 40.2 30.3 23.2 16.2 11.4 8.97 7.08 5.89 0 0 0 0 5.52 mrtvx
172 GB/T20801 NIA 镍及镍合金 NIA 镍及镍合金管 - GB/T2882 N7(200) 退火 0 99999 -200 380 105 316 68.9 68.9 0 68.9 0 68.9 0 68.9 0 68.9 0 68.9 68.9 0 0 0 0 0 0 0 0 0 0 0 0 0 0 0 0 0 0 0 0 0 0 0 68.9 -
173 GB/T20801 NIA 镍及镍合金 NIA 镍及镍合金管 - GB/T2882 N5(201) 退火 0 99999 -200 345 80 649 55.2 53.8 0 52.8 0 51.9 0 51.6 0 51.6 0 51.6 51.6 51.5 51.2 50.7 49.9 41.4 33.1 27.4 22.8 18.7 15.6 12.9 10 0 0 0 0 0 0 0 0 0 0 0 8.27 -
174 GB/T20801 NIA 镍及镍合金 NIA 镍及镍合金管 - GB/T2882 NCu30(400) 退火 0 99999 -200 480 170 482 115 106 0 99.7 0 93.6 0 90.9 0 90.4 0 90.4 90.4 90.4 89.8 89 88 79.7 59.9 0 0 0 0 0 0 0 0 0 0 0 0 0 0 0 0 0 55.2 -
175 GB/T20801 NIA 镍及镍合金 NIA 镍及镍合金管 - GB/T2882 NCr15-8(600) 退火 0 99999 -200 550 240 649 161 161 0 161 0 161 0 161 0 161 0 161 161 161 161 161 161 161 161 84.8 58.4 39.7 27 19.2 15 0 0 0 0 0 0 0 0 0 0 0 13.8 -
176 GB/T20801 NIA 镍及镍合金 NIA 镍及镍合金管 - GB/T30059 NS3102(600) 冷作、退火 0 99999 -200 550 205 649 138 138 0 138 0 138 0 138 0 138 0 138 138 138 138 138 138 138 138 84.8 58.4 39.7 27 19.2 15 0 0 0 0 0 0 0 0 0 0 0 13.8 -
177 GB/T20801 NIA 镍及镍合金 NIA 镍及镍合金管 - GB/T30059 NS3102(600) 热作、退火 0 99999 -200 550 170 649 115 115 0 115 0 115 0 115 0 115 0 115 115 115 115 115 115 115 115 84.8 58.4 39.7 27 19.2 15 0 0 0 0 0 0 0 0 0 0 0 13.8 -
178 GB/T20801 NIA 镍及镍合金 NIA 镍及镍合金管 - ASTMB444 NS3306(625) 退火 0 99999 -200 825 415 649 276 276 0 276 0 273 0 270 0 267 0 262 260 257 255 252 251 249 247 245 242 215 194 156 136 0 0 0 0 0 0 0 0 0 0 0 91 eeff
179 GB/T20801 NIA 镍及镍合金 NIA 镍及镍合金管 - GB/T30059 NS1101(800) 退火 0 99999 -200 515 205 816 138 138 0 138 0 138 0 138 0 138 0 138 138 138 138 138 138 138 138 138 138 136 107 83.8 63.9 44.7 29.8 15.5 11.7 8.68 7.2 6.25 0 0 0 0 5.11 dd
180 GB/T20801 NIA 镍及镍合金 NIA 镍及镍合金管 - GB/T30059 NS1101(800H) 退火 0 99999 -200 450 170 899 115 115 0 115 0 115 0 115 0 115 0 115 113 110 108 106 104 102 100 98.6 97.1 95.7 91.8 75.7 62.6 50.6 41.2 33.6 27.7 22.6 18.3 15 11.9 9.03 7.35 0 5.86 -
181 GB/T20801 NIA 镍及镍合金 NIA 镍及镍合金管 - GB/T30059 NS1402(825) 退火 0 99999 -200 590 240 538 137 137 0 137 0 137 0 137 0 137 0 137 137 137 136 136 135 135 134 133 131 0 0 0 0 0 0 0 0 0 0 0 0 0 0 0 129 -
182 GB/T20801 NIA 镍及镍合金 NIA 镍及镍合金管 - ASTMB619 10276(C276) 固溶 0 99999 -200 690 283 677 188 188 0 188 0 188 0 188 0 187 0 177 172 168 165 162 159 157 156 155 154 143 119 98.4 81.6 67 54.5 0 0 0 0 0 0 0 0 0 53.8 -
183 GB/T20801 NIA 镍及镍合金 NIA 镍及镍合金管 - ASTMB622 10276(C276) 固溶 0 99999 -200 690 283 677 188 188 0 188 0 188 0 188 0 187 0 177 172 168 165 162 159 157 156 155 154 143 119 98.4 81.6 67 54.5 0 0 0 0 0 0 0 0 0 53.8 -
184 GB/T20801 TIA 钛及钛合金(无缝管无填充金属EFW焊管及挤压管) TIA 钛及钛合金 EFW-N GB/T3624 TA1 退火 0 99999 -60 240 140 316 80.4 74 70.7 62.4 55.5 49.2 43.6 38.5 34 30.2 27.2 25.2 0 0 0 0 0 0 0 0 0 0 0 0 0 0 0 0 0 0 0 0 0 0 0 0 24.1 -
185 GB/T20801 TIA 钛及钛合金(无缝管无填充金属EFW焊管及挤压管) TIA 钛及钛合金 EFW-N GB/T3624 TA2 退火 0 99999 -60 400 275 316 133 125 123 113 105 96.3 89.8 83.3 81.3 71.3 63.4 57.8 0 0 0 0 0 0 0 0 0 0 0 0 0 0 0 0 0 0 0 0 0 0 0 0 53.8 -
186 GB/T20801 TIA 钛及钛合金(无缝管无填充金属EFW焊管及挤压管) TIA 钛及钛合金 EFW-N GB/T3624 TA3 退火 0 99999 -60 500 380 316 149 141 136 124 112 102 92.8 84.5 77.1 70.8 65.5 61.3 0 0 0 0 0 0 0 0 0 0 0 0 0 0 0 0 0 0 0 0 0 0 0 0 58.2 -
187 GB/T20801 TIA 钛及钛合金(无缝管无填充金属EFW焊管及挤压管) TIA 钛及钛合金 EFW-N GB/T3624 TA9 退火 0 99999 -60 400 275 316 133 125 123 113 105 96.3 89.8 83.3 81.3 71.3 63.4 57.8 0 0 0 0 0 0 0 0 0 0 0 0 0 0 0 0 0 0 0 0 0 0 0 0 53.8 -
188 GB/T20801 TIA 钛及钛合金(无缝管无填充金属EFW焊管及挤压管) TIA 钛及钛合金 EFW-N GB/T3624 TA10 退火 0 99999 -60 450 300 316 147 140 138 130 122 114 106 98 94 90 86 82 0 0 0 0 0 0 0 0 0 0 0 0 0 0 0 0 0 0 0 0 0 0 0 0 0 -
189 GB/T20801 TIA 钛及钛合金(无缝管无填充金属EFW焊管及挤压管) TIA 钛及钛合金 EFW-N GB/T26057 TA1 退火 0 99999 -60 240 140 316 80.4 74 70.7 62.4 55.5 49.2 43.6 38.5 34 30.2 27.2 25.2 0 0 0 0 0 0 0 0 0 0 0 0 0 0 0 0 0 0 0 0 0 0 0 0 24.1 -
190 GB/T20801 TIA 钛及钛合金(无缝管无填充金属EFW焊管及挤压管) TIA 钛及钛合金 EFW-N GB/T26057 TA2 退火 0 99999 -60 400 275 316 133 125 123 113 105 96.3 89.8 83.3 81.3 71.3 63.4 57.8 0 0 0 0 0 0 0 0 0 0 0 0 0 0 0 0 0 0 0 0 0 0 0 0 53.8 -
191 GB/T20801 TIA 钛及钛合金(无缝管无填充金属EFW焊管及挤压管) TIA 钛及钛合金 EFW-N GB/T26057 TA3 退火 0 99999 -60 500 380 316 149 141 136 124 112 102 92.8 84.5 77.1 70.8 65.5 61.3 0 0 0 0 0 0 0 0 0 0 0 0 0 0 0 0 0 0 0 0 0 0 0 0 58.2 -
192 GB/T20801 TIA 钛及钛合金(无缝管无填充金属EFW焊管及挤压管) TIA 钛及钛合金 EFW-N GB/T26057 TA9 退火 0 99999 -60 400 275 316 133 125 123 113 105 96.3 89.8 83.3 81.3 71.3 63.4 57.8 0 0 0 0 0 0 0 0 0 0 0 0 0 0 0 0 0 0 0 0 0 0 0 0 53.8 -
193 GB/T20801 TIA 钛及钛合金(无缝管无填充金属EFW焊管及挤压管) TIA 钛及钛合金 EFW-N GB/T26057 TA10 退火 0 99999 -60 485 345 316 162 154 151 144 135 126 117 108 106 104 102 100 0 0 0 0 0 0 0 0 0 0 0 0 0 0 0 0 0 0 0 0 0 0 0 0 0 -
194 GB/T20801 TIA 钛及钛合金(无缝管无填充金属EFW焊管及挤压管) TIA 钛及钛合金 EFW-N GB/T26058 TA1 退火 0 99999 -60 240 0 316 80.4 74 70.7 62.4 55.5 49.2 43.6 38.5 34 30.2 27.2 25.2 0 0 0 0 0 0 0 0 0 0 0 0 0 0 0 0 0 0 0 0 0 0 0 0 24.1 -
195 GB/T20801 TIA 钛及钛合金(无缝管无填充金属EFW焊管及挤压管) TIA 钛及钛合金 EFW-N GB/T26058 TA2 退火 0 99999 -60 400 0 316 133 125 123 113 105 96.3 89.8 83.3 81.3 71.3 63.4 57.8 0 0 0 0 0 0 0 0 0 0 0 0 0 0 0 0 0 0 0 0 0 0 0 0 53.8 -
196 GB/T20801 TIA 钛及钛合金(无缝管无填充金属EFW焊管及挤压管) TIA 钛及钛合金 EFW-N GB/T26058 TA3 退火 0 99999 -60 500 0 316 149 141 136 124 112 102 92.8 84.5 77.1 70.8 65.5 61.3 0 0 0 0 0 0 0 0 0 0 0 0 0 0 0 0 0 0 0 0 0 0 0 0 58.2 -
197 GB/T20801 TIA 钛及钛合金(无缝管无填充金属EFW焊管及挤压管) TIA 钛及钛合金 EFW-N GB/T26058 TA9 退火 0 99999 -60 400 0 316 133 125 123 113 105 96.3 89.8 83.3 81.3 71.3 63.4 57.8 0 0 0 0 0 0 0 0 0 0 0 0 0 0 0 0 0 0 0 0 0 0 0 0 53.8 -
198 GB/T20801 TIA 钛及钛合金(无缝管无填充金属EFW焊管及挤压管) TIA 钛及钛合金 EFW-N GB/T26058 TA10 退火 0 99999 -60 485 0 316 162 154 151 144 135 126 117 108 106 104 102 100 0 0 0 0 0 0 0 0 0 0 0 0 0 0 0 0 0 0 0 0 0 0 0 0 0 -
199 GB/T20801 ALA 铝及铝合金 ALA 铝及铝合金管 - GB/T6893 1060 0 0 99999 -270 60 0 204 11.5 11.5 0 10.9 9.8 8.8 7.5 5.8 0 0 0 0 0 0 0 0 0 0 0 0 0 0 0 0 0 0 0 0 0 0 0 0 0 0 0 0 5.5 ggii
200 GB/T20801 ALA 铝及铝合金 ALA 铝及铝合金管 - GB/T6893 1060 H14 0 99999 -270 85 70 204 27.6 27.6 0 27.6 26.6 18.1 12.7 8.4 0 0 0 0 0 0 0 0 0 0 0 0 0 0 0 0 0 0 0 0 0 0 0 0 0 0 0 0 7.8 ggii
201 GB/T20801 ALA 铝及铝合金 ALA 铝及铝合金管 - GB/T4437.1 1060 0 0 99999 -270 65 0 204 11.5 11.5 0 10.9 9.8 8.8 7.5 5.8 0 0 0 0 0 0 0 0 0 0 0 0 0 0 0 0 0 0 0 0 0 0 0 0 0 0 0 0 5.5 ggii
202 GB/T20801 ALA 铝及铝合金 ALA 铝及铝合金管 - GB/T4437.1 1060 H112 0 99999 -270 60 0 204 11.5 11.5 0 10.9 9.8 8.8 7.5 5.8 0 0 0 0 0 0 0 0 0 0 0 0 0 0 0 0 0 0 0 0 0 0 0 0 0 0 0 0 5.5 ggii
203 GB/T20801 ALA 铝及铝合金 ALA 铝及铝合金管 - GB/T6893 3003 0 0 99999 -270 95 35 204 23 22.1 0 21.4 20.5 18.2 13.6 10.9 0 0 0 0 0 0 0 0 0 0 0 0 0 0 0 0 0 0 0 0 0 0 0 0 0 0 0 0 10.5 ggii
204 GB/T20801 ALA 铝及铝合金 ALA 铝及铝合金管 - GB/T6893 3003 H14 0 99999 -270 130 110 204 46 46 0 46 43.9 29 21.1 16.7 0 0 0 0 0 0 0 0 0 0 0 0 0 0 0 0 0 0 0 0 0 0 0 0 0 0 0 0 16.1 ggii
205 GB/T20801 ALA 铝及铝合金 ALA 铝及铝合金管 - GB/T26027 3003 0 0 99999 -270 95 35 204 23 22.1 0 21.4 20.5 18.2 13.6 10.9 0 0 0 0 0 0 0 0 0 0 0 0 0 0 0 0 0 0 0 0 0 0 0 0 0 0 0 0 10.5 ggii
206 GB/T20801 ALA 铝及铝合金 ALA 铝及铝合金管 - GB/T26027 3003 H14 0 99999 -270 130 110 204 46 46 0 46 43.9 29 21.1 16.7 0 0 0 0 0 0 0 0 0 0 0 0 0 0 0 0 0 0 0 0 0 0 0 0 0 0 0 0 16.1 ggii
207 GB/T20801 ALA 铝及铝合金 ALA 铝及铝合金管 - GB/T4437.1 3003 0 0 99999 -270 95 0 204 23 22.1 0 21.4 20.5 18.2 13.6 10.9 0 0 0 0 0 0 0 0 0 0 0 0 0 0 0 0 0 0 0 0 0 0 0 0 0 0 0 0 10.5 ggii
208 GB/T20801 ALA 铝及铝合金 ALA 铝及铝合金管 - GB/T4437.1 3003 H112 0 99999 -270 95 0 204 23 22.1 0 21.4 20.5 18.2 13.6 10.9 0 0 0 0 0 0 0 0 0 0 0 0 0 0 0 0 0 0 0 0 0 0 0 0 0 0 0 0 10.5 ggii
209 GB/T20801 ALA 铝及铝合金 ALA 铝及铝合金管 - GB/T6893 5052 0 0 99999 -270 170 65 204 46 46 0 46 45.9 41.6 28.8 17.6 0 0 0 0 0 0 0 0 0 0 0 0 0 0 0 0 0 0 0 0 0 0 0 0 0 0 0 0 16.1 gg
210 GB/T20801 ALA 铝及铝合金 ALA 铝及铝合金管 - GB/T6893 5052 H14 0 99999 -270 230 180 204 78.1 78.1 0 78.1 78.1 41.6 28.8 17.6 0 0 0 0 0 0 0 0 0 0 0 0 0 0 0 0 0 0 0 0 0 0 0 0 0 0 0 0 16.1 ggii
211 GB/T20801 ALA 铝及铝合金 ALA 铝及铝合金管 - GB/T26027 5052 0 0 99999 -270 170 65 204 46 46 0 46 45.9 41.6 28.8 17.6 0 0 0 0 0 0 0 0 0 0 0 0 0 0 0 0 0 0 0 0 0 0 0 0 0 0 0 0 16.1 gg
212 GB/T20801 ALA 铝及铝合金 ALA 铝及铝合金管 - GB/T26027 5052 H14 0 99999 -270 230 180 204 78.1 78.1 0 78.1 78.1 41.6 28.8 17.6 0 0 0 0 0 0 0 0 0 0 0 0 0 0 0 0 0 0 0 0 0 0 0 0 0 0 0 0 16.1 ggii
213 GB/T20801 ALA 铝及铝合金 ALA 铝及铝合金管 - GB/T6893 5083 0 0 99999 -270 270 110 65 73.5 73.5 0 0 0 0 0 0 0 0 0 0 0 0 0 0 0 0 0 0 0 0 0 0 0 0 0 0 0 0 0 0 0 0 0 0 0 -
214 GB/T20801 ALA 铝及铝合金 ALA 铝及铝合金管 - GB/T26027 5083 0 0 99999 -270 270 110 65 73.5 73.5 0 0 0 0 0 0 0 0 0 0 0 0 0 0 0 0 0 0 0 0 0 0 0 0 0 0 0 0 0 0 0 0 0 0 0 -
215 GB/T20801 ALA 铝及铝合金 ALA 铝及铝合金管 - GB/T4437.1 5083 0/H112 0 99999 -270 270 110 65 73.5 73.5 0 0 0 0 0 0 0 0 0 0 0 0 0 0 0 0 0 0 0 0 0 0 0 0 0 0 0 0 0 0 0 0 0 0 0 -
216 GB/T20801 ALA 铝及铝合金 ALA 铝及铝合金管 - GB/T6893 6061 T4 0 99999 -270 205 110 204 68.9 68.9 0 68.9 67.8 64.8 57.9 40.2 0 0 0 0 0 0 0 0 0 0 0 0 0 0 0 0 0 0 0 0 0 0 0 0 0 0 0 0 35.9 ii
217 GB/T20801 ALA 铝及铝合金 ALA 铝及铝合金管 - GB/T6893 6061 T6 0 99999 -270 290 240 204 96.5 96.5 0 96.5 92.5 79.9 63.1 40.2 0 0 0 0 0 0 0 0 0 0 0 0 0 0 0 0 0 0 0 0 0 0 0 0 0 0 0 0 35.9 ii
218 GB/T20801 ALA 铝及铝合金 ALA 铝及铝合金管 - GB/T26027 6061 T4 0 99999 -270 205 110 204 68.9 68.9 0 68.9 67.8 64.8 57.9 40.2 0 0 0 0 0 0 0 0 0 0 0 0 0 0 0 0 0 0 0 0 0 0 0 0 0 0 0 0 35.9 ii
219 GB/T20801 ALA 铝及铝合金 ALA 铝及铝合金管 - GB/T26027 6061 T6 0 99999 -270 290 240 204 96.5 96.5 0 96.5 92.5 79.9 63.1 40.2 0 0 0 0 0 0 0 0 0 0 0 0 0 0 0 0 0 0 0 0 0 0 0 0 0 0 0 0 35.9 ii
220 GB/T20801 ALA 铝及铝合金 ALA 铝及铝合金管 - GB/T4437.1 6061 T4 0 99999 -270 180 110 204 59.9 59.9 0 59.9 59 56.3 50.3 40.2 0 0 0 0 0 0 0 0 0 0 0 0 0 0 0 0 0 0 0 0 0 0 0 0 0 0 0 0 35.9 ii
221 GB/T20801 ALA 铝及铝合金 ALA 铝及铝合金管 - GB/T4437.1 6061 T6 0 99999 -270 260 240 204 86.5 86.5 0 86.5 82.9 71.6 56.6 40.2 0 0 0 0 0 0 0 0 0 0 0 0 0 0 0 0 0 0 0 0 0 0 0 0 0 0 0 0 35.9 ii
222 GB/T20801 ALA 铝及铝合金 ALA 铝及铝合金管 - GB/T4437.1 6061 T4焊/T6焊 0 99999 -270 165 0 204 55.2 55.2 0 55.2 54.3 52.2 46.3 35.3 0 0 0 0 0 0 0 0 0 0 0 0 0 0 0 0 0 0 0 0 0 0 0 0 0 0 0 0 34.8 ii
223 GB/T20801 ALA 铝及铝合金 ALA 铝及铝合金管 - GB/T6893 6063 T6 0 99999 -270 220 190 204 75.8 75.8 0 74.8 64 49.2 27.5 15.3 0 0 0 0 0 0 0 0 0 0 0 0 0 0 0 0 0 0 0 0 0 0 0 0 0 0 0 0 13.8 ii
224 GB/T20801 ALA 铝及铝合金 ALA 铝及铝合金管 - GB/T26027 6063 T4 0 99999 -270 150 75 204 46 45.8 0 45.8 45.5 45.5 41.5 27.7 0 0 0 0 0 0 0 0 0 0 0 0 0 0 0 0 0 0 0 0 0 0 0 0 0 0 0 0 12 ii
225 GB/T20801 ALA 铝及铝合金 ALA 铝及铝合金管 - GB/T26027 6063 T6 0 99999 -270 220 190 204 75.8 75.8 0 74.8 64 49.2 27.5 15.3 0 0 0 0 0 0 0 0 0 0 0 0 0 0 0 0 0 0 0 0 0 0 0 0 0 0 0 0 13.8 ii
226 GB/T20801 ALA 铝及铝合金 ALA 铝及铝合金管 - GB/T26027 6063 T4焊/T6焊 0 99999 -270 117 0 204 39.1 39.1 0 37.9 35.9 32.1 25.7 17.6 0 0 0 0 0 0 0 0 0 0 0 0 0 0 0 0 0 0 0 0 0 0 0 0 0 0 0 0 13.8 ii